Clusters: 503
Codebook: x,y,z,label
Occupied Nodes: 434
-4.1038,5.18934,0.854498,0
-3.66984,4.37568,0.748626,1
-2.64126,6.85808,0.947306,2
-1.80683,2.84365,0.749554,3
-2.3399,2.46324,0.876521,4
1.87201,4.06478,1.3432,5
2.12248,3.52855,1.09291,6
-1.94026,7.432,0.907102,7
-1.95631,7.01315,0.866325,8
0.451747,6.62871,0.91285,9
0.382727,6.59941,0.76688,10
2.37538,2.88704,1.22525,11
2.53004,2.34022,1.10046,12
0.748964,5.28957,0.531487,13
1.29539,5.31306,1.316,14
1.31424,5.04438,1.14641,15
1.07762,5.64528,1.13322,16
0.879663,5.70025,0.847652,17
-0.906051,8.14307,1.18473,18
-1.09027,7.73563,0.891479,19
-0.23297,7.26673,1.3851,20
-0.261402,7.20288,1.25824,21
-1.70261,2.04932,0.669802,22
-2.42897,1.57336,0.72333,23
-2.43709,5.31895,0.756931,24
-1.89741,7.69936,0.27188,25
-1.87864,7.12058,0.466831,26
-1.60843,7.83285,1.50222,27
-1.84616,7.50247,1.28688,28
1.13368,5.35553,0.844787,29
1.00826,5.0022,0.757869,30
-1.88086,6.48265,0.631898,31
-2.4002,6.11875,0.7717,32
1.54452,4.709,1.3583,33
1.55668,4.46582,1.05333,34
1.86676,2.46912,0.901949,35
1.71228,2.26673,0.557532,36
-0.476004,7.66818,1.41166,37
-0.687155,7.8689,1.31993,38
1.34029,-1.67095,0.958026,39
0.272112,-2.24294,1.17983,40
-1.0292,-1.72207,1.13019,41
-0.659075,-1.93208,0.318976,42
-0.505528,3.08363,0.948896,43
-0.646428,2.93026,0.822669,44
-2.52321,3.56568,0.540225,45
-3.31883,3.34666,1.15897,46
3.61837,-0.116515,1.09049,47
4.78101,-2.68768,0.414157,48
3.4086,-3.07792,0.272677,49
0.620636,1.58326,0.803659,50
0.533382,1.78118,0.717113,51
2.41768,-0.777247,0.693763,52
0.416406,6.58004,0.576465,53
0.408354,6.59821,0.385828,54
-2.01243,0.403969,1.16558,55
-1.64643,-0.50692,1.40696,56
1.79824,4.08371,0.919349,57
1.7475,4.01582,0.455542,58
1.0453,0.71652,0.727555,59
1.10099,0.381544,0.618694,60
0.0412125,2.45301,0.731238,61
0.114807,2.32947,0.723405,62
2.09943,-1.21389,0.976866,63
2.27535,1.91177,0.653663,64
0.927165,1.23644,1.02481,65
0.799862,1.13549,0.707543,66
3.23082,0.872675,0.862278,67
3.30385,0.198719,0.284832,68
-1.09579,8.04675,1.48666,69
-1.34016,7.71732,1.20826,70
-1.60313,6.0588,0.690758,71
-1.4483,5.68172,0.617973,72
-1.59207,1.29884,0.627911,73
2.49875,2.3527,0.276786,74
-0.360901,6.22866,0.637951,75
-0.397054,6.30183,0.532274,76
-1.88603,4.95002,0.852105,77
-2.44234,4.78278,0.490639,78
-2.66277,1.85071,1.1935,79
-2.3283,1.02583,1.15576,80
-0.104895,5.63804,0.556478,81
-0.0832002,5.59607,0.471411,82
-0.356951,7.3798,1.11367,83
-0.359446,7.37556,0.983491,84
2.4196,0.689712,0.701084,85
1.23454,4.75026,0.912753,86
0.962674,4.37029,0.952802,87
1.3868,3.96108,0.858489,88
1.01247,3.67741,0.921121,89
-0.473925,2.13446,0.758328,90
-0.565698,2.24199,0.72493,91
0.58696,-1.27074,0.701397,92
-0.158471,-1.85418,0.77133,93
-0.283653,6.0378,0.867345,94
-0.37528,6.00089,0.868391,95
0.810058,0.911709,1.03186,96
0.498723,0.75233,0.939313,97
0.585954,5.66279,1.03987,98
0.571205,5.64124,0.704599,99
-0.534915,8.33549,0.666547,100
-0.499119,8.17699,0.557257,101
1.13984,3.73173,0.484552,102
0.795725,3.59325,0.460751,103
-0.898398,-0.900367,0.273636,104
-1.38365,-0.662059,0.289635,105
-0.315507,6.73897,1.10422,106
-0.515657,6.70604,1.09278,107
1.52003,-0.951121,0.655815,108
0.658982,4.80996,0.756806,109
0.255726,4.80722,0.44321,110
-0.286063,5.93396,0.661874,111
-0.232279,5.85454,0.685552,112
1.43653,3.03303,0.771141,113
1.41871,2.49673,0.846653,114
-0.204476,6.75764,0.319874,115
-0.088035,2.85159,0.704011,116
-0.049345,2.73189,0.716518,117
0.465574,4.17647,0.488242,118
0.575449,3.83471,0.469736,119
0.262054,6.08712,0.401422,120
-0.734397,3.06652,0.723612,121
-0.830955,2.87857,0.691905,122
-0.55581,3.67986,0.502801,123
-0.685336,3.59693,0.477946,124
0.955239,5.76006,0.540291,125
-0.653521,2.698,0.429463,126
0.697107,3.92633,1.0126,127
0.712232,3.62727,0.834498,128
-0.692043,8.26417,1.07385,129
-0.77279,8.23482,0.915013,130
-0.450372,2.81107,0.972183,131
-0.632724,2.7431,0.817092,132
-0.756774,7.8592,0.752382,133
-0.693043,7.87297,0.497177,134
-0.81277,3.50572,0.429947,135
-0.943556,3.26739,0.454892,136
0.1043,6.03086,1.25582,137
0.301361,6.0061,0.768752,138
0.220025,6.51647,0.734462,139
0.199992,6.23238,0.611983,140
-1.05448,7.34825,0.708298,141
-0.835785,7.09335,0.437968,142
0.740095,4.52488,0.80585,143
0.512031,4.38077,1.01165,144
0.217693,6.56526,0.284849,145
0.676389,1.39982,0.751738,146
0.561054,1.42483,0.457315,147
-0.213724,2.9619,0.875038,148
-0.302349,2.93086,0.918673,149
-0.232813,5.79063,0.378892,150
-0.361984,5.74522,0.37907,151
0.397662,1.49775,1.06073,152
0.343976,1.30541,1.06881,153
0.82776,5.74799,1.26042,154
0.517538,5.64364,1.41767,155
-1.68974,5.29508,0.619324,156
-0.376096,6.81858,0.796711,157
-0.594412,6.70808,0.754293,158
-0.726534,8.26216,0.686028,159
-0.931197,8.1819,0.673488,160
-1.45013,7.62572,0.825628,161
-1.43129,7.30718,0.6337,162
-0.114496,7.31539,0.564152,163
-0.0731061,7.23863,0.55688,164
-0.0819918,5.57904,0.352665,165
-0.404815,1.84232,0.36347,166
-0.536709,7.72987,0.450779,167
-0.39402,7.62622,0.319895,168
0.0340959,1.36303,0.79134,169
-0.0921039,1.2446,0.767844,170
0.0630643,6.46307,0.691256,171
0.138134,6.3546,0.502007,172
-0.254673,3.22902,0.617257,173
-0.420624,3.19518,0.71019,174
-0.606706,6.75095,0.931935,175
-0.714046,6.50236,1.11588,176
-0.224119,2.80696,0.896339,177
-0.331618,2.71956,0.892779,178
-0.331149,6.1693,0.536361,179
-0.349607,6.09298,0.505408,180
-0.0381018,6.92405,0.441466,181
-0.0124086,6.86203,0.380826,182
-0.947655,0.254984,0.612093,183
-1.61351,0.0080718,0.89862,184
0.222148,6.27961,0.985523,185
0.225558,6.16784,0.789502,186
-0.389867,6.31313,0.838336,187
-0.36473,6.25498,0.843591,188
-0.212039,2.7936,0.474174,189
-0.135873,2.72562,0.406982,190
-0.161802,7.39058,0.5602,191
-0.24934,7.39614,0.593033,192
0.0714447,6.67975,0.964063,193
0.0732022,6.66427,0.950853,194
-1.11603,-1.04801,0.935951,195
-0.870342,-1.4296,0.327575,196
-0.687897,6.86683,0.595504,197
-0.704023,6.80665,0.355276,198
0.679851,4.18988,0.872778,199
0.529461,3.9447,0.772049,200
-0.408733,3.66596,0.521956,201
-0.56059,3.49068,0.537566,202
0.421858,4.32828,0.800842,203
0.0189772,4.21496,0.711125,204
-0.627591,2.40784,0.734024,205
-0.56534,2.49538,0.416753,206
-0.0132564,3.1831,0.382887,207
0.201008,6.51546,0.559794,208
0.18452,6.28239,0.362683,209
-0.197477,1.77037,0.767014,210
-0.359883,1.85423,0.732186,211
-1.6786,4.64466,0.495377,212
0.377417,1.33457,0.83837,213
0.5569,0.995098,0.795057,214
-0.347678,2.44339,0.264506,215
-0.225107,2.35445,0.259607,216
-0.3583,7.19803,0.595891,217
-0.296438,7.07155,0.596226,218
-0.902245,4.94896,0.651928,219
-1.34299,4.96169,0.470415,220
-0.380591,7.60504,1.12865,221
-0.539279,7.70887,1.12019,222
-0.432558,7.34103,0.437775,223
0.361087,1.65688,0.440387,224
0.19803,1.39571,0.422979,225
0.209334,6.48333,0.925074,226
0.147103,6.34652,0.810588,227
0.336979,4.8313,0.719413,228
0.131663,4.76216,0.583032,229
-0.227001,3.17332,0.801973,230
-0.368125,3.16308,0.807574,231
-0.054541,4.66104,0.72796,232
-0.068424,4.68543,0.594397,233
0.0664176,2.36734,0.270568,234
-0.244733,2.38962,0.420368,235
-0.0974877,5.66602,0.719227,236
-0.139879,5.70309,0.624521,237
-0.64127,3.01226,0.530931,238
-0.778146,2.93074,0.440775,239
-0.490904,3.05714,0.604048,240
-0.552898,2.99846,0.465224,241
0.298792,1.57564,0.838242,242
0.134046,1.51635,0.808984,243
-0.144612,5.78429,0.328159,244
-0.20485,5.78487,0.261325,245
-1.05733,7.31401,0.385058,246
0.00269746,4.26957,0.500417,247
-0.064854,4.3913,0.337182,248
0.233039,1.84582,0.845221,249
0.0399806,1.65394,0.81265,250
-0.321217,3.52851,0.531853,251
-0.373868,3.38099,0.558074,252
0.370538,1.98746,0.749406,253
0.373738,1.97719,0.45235,254
0.27192,1.02937,0.822701,255
0.0320433,1.01839,0.724902,256
-0.347706,6.21308,0.760992,257
-0.352674,6.11914,0.781058,258
-0.374736,7.40674,0.681193,259
-0.427685,7.33006,0.604485,260
0.082717,2.98948,0.433983,261
0.085187,3.09187,0.292062,262
-0.117727,7.0583,0.777455,263
-0.207665,7.06298,0.802809,264
0.0859389,4.07221,0.579263,265
0.0683246,4.11477,0.377676,266
-0.136524,7.05641,1.30807,267
-0.0469733,6.93599,1.2559,268
-0.689601,3.3942,0.515542,269
-0.781705,3.1496,0.466709,270
0.197686,6.54803,0.428004,271
0.0862256,6.59328,0.351379,272
-0.27554,6.16598,0.665339,273
-0.340195,6.08693,0.660377,274
-0.454067,8.35782,1.04193,275
-0.236075,1.61626,0.612773,276
-0.248515,6.60977,0.829015,277
0.191409,7.41343,0.420344,278
-0.322614,6.00227,0.608436,279
-0.453173,1.99476,0.726119,280
0.22423,0.737617,0.752414,281
-0.304865,5.90908,0.410968,282
-0.151191,2.13797,0.342585,283
-0.168084,6.6717,0.252723,284
0.219545,3.99116,0.437222,285
-0.501458,2.6726,0.869439,286
-0.0198388,2.23891,0.7616,287
-0.216641,7.08483,0.976484,288
-0.328843,2.5605,0.782564,289
-0.212516,3.08277,0.840905,290
0.167157,6.10416,1.47066,291
-0.423328,2.31246,0.468516,292
-0.182706,1.48446,0.680533,293
0.0145096,4.25519,0.279818,294
-0.256997,6.73485,0.620228,295
-0.132209,3.14219,0.382364,296
0.18732,4.1017,0.754463,297
0.0332162,6.18754,1.00788,298
-0.412072,7.62442,0.933641,299
0.102283,4.72621,0.726293,300
-0.215645,7.08095,1.1012,301
0.180899,6.0248,1.03529,302
-0.545735,3.26727,0.514947,303
-0.508832,8.13819,0.392895,304
-0.0211935,2.08109,0.775538,305
-0.0251868,2.19859,0.284817,306
-0.347714,2.81614,0.794011,307
0.0125093,1.78782,0.811939,308
-0.164175,5.76257,0.409413,309
-0.558218,8.26693,0.26929,310
-0.108363,2.46101,0.470078,311
-0.294081,2.93986,0.53963,312
-0.355951,2.1787,0.881737,313
0.0878745,4.5122,0.885878,314
-0.327436,5.89475,0.528742,315
-0.253863,1.65046,0.502463,316
-0.321832,7.29241,0.713099,317
-0.264297,2.42512,0.766752,318
0.183891,2.06396,0.842785,319
-0.267422,7.18536,0.900794,320
-0.336439,6.3009,0.340999,321
-0.335149,6.19444,0.466421,322
0.30948,4.57221,0.776802,323
-0.121045,1.33062,0.671328,324
0.200152,2.17571,0.716399,325
-0.120584,7.0431,0.925856,326
-0.224567,2.92498,0.405915,327
-0.580376,3.50149,0.331424,328
-0.254523,6.85431,0.284507,329
0.138063,4.3579,0.833403,330
0.0792376,1.95086,0.817554,331
0.0226242,2.6046,0.686967,332
-0.268015,3.24659,0.735571,333
-0.171115,7.52718,0.559772,334
-0.00327779,4.41363,0.750824,335
0.0670348,4.73313,0.417831,336
-0.45603,2.94886,0.933845,337
-0.124046,4.52117,0.394599,338
-0.362192,5.74502,0.259558,339
-0.173126,1.92493,0.761091,340
-0.0842468,7.03548,0.324895,341
-0.145636,7.05665,0.579437,342
-0.405909,2.3343,0.759417,343
-0.153935,2.94736,0.723761,344
-0.375971,6.41446,0.326297,345
-0.190408,2.66968,0.757406,346
-0.162917,1.38136,0.784621,347
0.0325577,1.17426,0.781425,348
-0.0744146,2.4384,0.272774,349
-0.131409,7.04604,0.472898,350
-0.540421,7.72154,0.72184,351
-0.384413,7.60581,0.746698,352
-0.479124,8.19665,1.10181,353
0.561257,0.0783973,0.711573,354
0.860123,0.469034,0.928978,355
0.0480429,6.47063,0.521193,356
-0.318339,7.28615,0.897167,357
-0.181972,5.79811,0.473007,358
-0.132774,2.34857,0.762403,359
-1.47875,0.629194,0.677943,360
-0.623449,-0.371547,0.633694,361
-0.484043,6.48859,0.52961,362
-0.183453,5.77615,0.66914,363
-0.230578,2.04975,0.777182,364
-0.212633,2.20972,0.770609,365
0.0510511,6.46153,0.35313,366
-0.00526643,2.86006,0.434201,367
-0.434922,8.2742,0.718487,368
-0.295729,7.08334,0.437008,369
-0.250189,1.48628,0.784398,370
-0.557541,3.11059,0.762619,371
-0.407523,6.35948,0.415781,372
-0.239571,1.64558,0.753257,373
-0.110616,2.61592,0.467596,374
-0.220645,7.07841,0.671531,375
-0.0916717,6.99961,1.08151,376
0.112085,2.1986,0.25734,377
-0.157111,2.50929,0.800152,378
-0.676982,7.84777,0.973488,379
-0.334692,2.56544,0.888035,380
-0.130698,4.53587,0.706664,381
-0.0506259,4.37129,0.627983,382
-0.326812,2.15016,0.771831,383
-0.341863,5.93293,0.773721,384
-0.293032,7.2452,1.08164,385
-0.102847,4.67175,0.329453,386
0.297595,1.08258,1.05829,387
-0.694622,2.60169,0.740131,388
-0.312733,6.67017,0.945546,389
-0.153857,2.3905,0.910125,390
-0.166638,2.99876,0.923513,391
0.228918,1.25596,0.826087,392
-0.0946299,1.56189,0.809065,393
0.191849,3.92391,0.704825,394
-0.348331,6.8332,0.959571,395
-0.313804,7.53181,0.611532,396
-0.24832,1.64193,0.360157,397
0.0972549,0.86128,0.731598,398
-0.0457255,1.14275,0.681066,399
-0.26171,3.16082,0.385861,400
-0.00366027,2.43882,0.902472,401
-0.303274,6.21101,0.854219,402
-0.0820538,3.07757,0.434624,403
-0.263946,5.84285,0.480794,404
-0.41269,2.07208,0.903889,405
-0.365626,7.39129,0.832602,406
-0.351519,7.20978,0.419649,407
-1.15884,-0.433676,0.833895,408
0.0546583,6.47146,0.898817,409
-0.0381169,2.56378,0.78618,410
-0.499003,2.50701,0.818753,411
-0.572623,6.67607,0.553243,412
-0.254606,1.7181,0.642024,413
-1.1956,1.11293,0.668824,414
-0.46046,8.34378,0.86605,415
-0.402404,1.84071,0.61809,416
-0.599079,8.30818,0.477102,417
-0.268049,5.84199,0.396813,418
-0.161595,2.23411,0.280462,419
0.566676,5.69746,0.419651,420
0.179332,3.96992,0.260573,421
-0.0955534,4.466,0.530157,422
-0.420725,2.16469,0.937679,423
-0.411446,7.62792,0.529877,424
-0.115838,7.06504,0.679967,425
-0.216354,2.80679,0.779704,426
-0.363525,3.04929,0.519231,427
-0.334631,6.64776,0.733634,428
-0.370757,3.01653,0.830715,429
0.33406,0.531132,0.7359,430
-0.0459631,2.96794,0.436455,431
-0.105824,4.62646,0.491287,432
-0.262209,7.19428,0.73873,433
Free Nodes:69
4.68056,-1.55174,0.0126527,0
3.85711,-1.95495,0.0134964,1
-3.48675,5.93481,0.235156,2
-3.32751,4.73201,0.0692632,3
-1.3916,2.79442,0.0102906,4
3.73126,-0.567713,0.212355,5
1.47865,1.93099,0.0312964,6
2.91455,-1.19751,0.220448,7
2.23293,-2.0666,0.0755704,8
-1.39667,3.75328,0.0118113,9
-1.8697,3.40393,0.0849404,10
1.55733,0.777663,0.00767162,11
-2.58385,2.77033,0.182147,12
2.68564,-0.323993,0.027406,13
1.63813,1.4129,0.0223627,14
1.96446,0.314009,0.0677712,15
-1.33113,4.27309,0.0808349,16
-1.99959,4.22641,0.108776,17
-1.31683,6.79265,-0.00545109,18
-0.948846,2.16612,0.016275,19
-1.20578,1.89931,0.0187806,20
-0.494763,0.326717,0.0163158,21
1.01413,1.77767,0.030639,22
-0.348473,0.819807,0.00198059,23
1.95945,-0.647796,0.111573,24
1.3455,-0.468137,0.0287499,25
0.862237,-0.312821,0.00120892,26
-2.08107,1.66457,0.0600832,27
-0.258895,-0.616729,0.0346032,28
-0.398223,-0.976414,0.0963531,29
-0.264936,0.192392,0.0109823,30
-0.590521,-0.00302134,0.0212166,31
0.226968,-0.609825,0.00902639,32
0.113897,-1.17987,0.0651686,33
0.471517,-0.317952,0.00466825,34
0.661709,-0.894271,0.0202065,35
-0.627943,5.27121,0.00334441,36
0.0820512,0.178836,0.00453489,37
-0.305062,-0.159012,0.00444883,38
-0.0471618,-0.281657,0.00685896,39
-0.129591,0.081283,0.004357,40
0.0688815,-0.0479139,0.0115351,41
-0.084564,-0.0560473,0.00591289,42
0.0249073,0.0707944,0.00699096,43
-0.00976053,0.000698419,0.00652211,44
0.669071,2.77291,0.0252607,45
-0.929335,1.56807,0.00698914,46
-1.33723,3.32747,0.015148,47
-0.259061,5.00237,-0.00194915,48
-0.528905,5.03814,-0.000108039,49
-0.946042,5.36531,0.00758059,50
-0.870866,5.83662,0.026641,51
-0.986097,0.730943,0.0059309,52
-1.16652,-0.0800882,0.0406457,53
-0.521426,4.19722,0.006912,54
-0.67566,0.561857,0.0155219,55
-0.81706,4.3542,0.00955576,56
-0.559253,4.79899,-0.00180809,57
-0.0408239,5.21072,0.00097571,58
-1.17816,6.29888,0.0208178,59
0.978604,2.41029,0.0178667,60
-1.00924,4.07603,0.023011,61
-0.356785,5.26802,0.00363118,62
-0.192696,0.449357,0.00794956,63
-0.667436,0.964742,0.0176601,64
-0.615964,1.38298,0.00699776,65
-0.364065,0.594346,0.00914445,66
-0.713313,6.12219,0.0299347,67
0.430195,3.29707,0.019166,68
Adjacency List:
0:1,5,
1:0,7,5,
2:3,
3:2,17,
4:47,19,10,20,9,
5:7,13,0,1,
6:22,14,60,11,45,
7:13,5,24,8,1,
8:7,24,
9:47,61,16,10,17,
10:47,9,4,17,12,
11:15,14,22,6,25,
12:10,4,27,47,
13:24,7,15,5,25,
14:6,11,22,15,60,
15:11,24,13,25,14,
16:61,56,9,17,54,
17:16,9,10,61,47,
18:59,67,51,50,
19:20,46,4,65,47,
20:19,46,65,27,4,
21:30,55,66,63,31,
22:6,60,14,45,11,
23:66,64,63,55,21,
24:25,13,15,7,26,
25:26,24,35,34,15,
26:34,25,35,32,41,
27:20,46,12,19,4,
28:29,39,38,32,42,
29:28,33,32,39,38,
30:40,21,63,42,43,
31:38,21,30,40,42,
32:34,39,28,35,41,
33:29,32,35,28,39,
34:32,26,41,39,44,
35:32,34,26,33,25,
36:49,62,50,48,57,
37:43,44,41,40,42,
38:42,39,40,31,44,
39:42,41,44,38,43,
40:44,42,43,30,37,
41:44,43,42,37,40,
42:44,40,41,43,39,
43:44,37,41,40,42,
44:43,41,42,40,37,
45:60,68,22,6,
46:65,20,19,64,52,
47:9,4,10,61,16,
48:49,62,58,57,36,
49:57,36,48,62,58,
50:36,51,49,62,57,
51:67,50,59,36,62,
52:55,64,21,66,23,
53:31,21,55,52,38,
54:56,61,57,16,49,
55:21,66,52,64,23,
56:54,61,57,16,49,
57:49,48,36,62,56,
58:48,62,49,36,57,
59:67,18,51,50,36,
60:45,22,6,68,14,
61:56,16,54,9,47,
62:36,48,49,58,57,
63:66,30,21,40,37,
64:23,52,55,65,66,
65:46,64,23,52,20,
66:63,23,21,55,30,
67:51,59,50,36,18,
68:45,60,54,
