Clusters: 951
Codebook: x,y,z,label
Occupied Nodes: 648
7.06152,2.44176,0.623488,0
6.87516,2.09142,0.767928,1
6.59279,1.7838,0.281706,2
6.72614,2.251,0.201475,3
7.351,1.99177,0.709528,4
7.1484,1.7466,0.588179,5
7.44802,1.6846,0.738633,6
7.48702,1.39967,0.696714,7
7.58426,1.55787,0.515247,8
6.81655,1.64678,0.211431,9
7.40961,1.65256,0.202536,10
7.10566,1.40458,0.49861,11
6.67575,1.97375,0.556843,12
6.88817,1.72796,0.492533,13
7.70224,1.32607,0.479892,14
6.3587,1.67668,0.254055,15
5.86823,3.33827,0.623541,16
6.00675,3.12203,0.763833,17
6.33105,3.662,0.715735,18
6.34132,3.66738,0.543226,19
5.25403,2.79009,0.547505,20
4.94122,2.84052,0.713621,21
4.57902,3.42226,0.761806,22
5.62654,3.10445,0.482931,23
4.885,2.7995,0.39263,24
5.86411,2.9334,0.537108,25
5.25924,3.45475,0.695385,26
4.91974,2.84683,0.707209,27
4.93907,2.80593,0.412304,28
4.62298,3.47167,0.773547,29
4.46376,3.09812,0.790572,30
4.2397,4.23596,0.799391,31
4.30837,4.14581,0.80315,32
4.0955,3.9735,0.751748,33
4.27072,3.77571,0.751428,34
4.3831,3.45298,0.726956,35
4.25309,3.09207,0.752211,36
4.42216,3.61235,0.751603,37
3.63158,2.5514,0.704791,38
3.49984,2.66017,0.68309,39
3.51929,2.67481,0.429867,40
3.63205,2.53681,0.463566,41
4.19772,3.10196,0.5316,42
3.47557,2.55347,0.754507,43
3.51478,2.55307,0.444626,44
3.35906,1.98575,0.594152,45
3.10871,1.9992,0.624415,46
4.20953,1.9873,0.709723,47
4.0683,1.88269,0.778031,48
3.47496,2.2369,0.479746,49
3.26051,1.76739,0.802193,50
3.17964,1.53198,0.818614,51
3.44467,1.52381,0.810245,52
3.4605,1.30501,0.806494,53
3.88083,1.93618,0.746953,54
3.45464,2.30377,0.716606,55
2.76719,1.85358,0.74831,56
4.21221,1.90078,0.415711,57
2.92616,1.99712,0.748317,58
3.66569,1.98019,0.731203,59
4.03284,1.98666,0.711286,60
3.75471,1.68077,0.807727,61
4.01899,1.89216,0.465186,62
3.3446,1.86562,0.317151,63
3.42564,1.95984,0.734238,64
3.01537,3.41919,0.734456,65
2.70363,3.53577,0.766081,66
3.45217,2.56791,0.806184,67
3.53276,2.53908,0.577303,68
2.37681,3.77162,0.786652,69
2.24505,3.42058,0.748558,70
3.13211,2.62712,0.617841,71
2.15671,2.61068,0.7758,72
2.09097,2.56689,0.557078,73
2.2668,3.45115,0.550243,74
3.46461,2.58859,0.413878,75
2.1501,2.54031,0.726333,76
2.31965,3.53448,0.414454,77
2.79775,3.42707,0.493243,78
2.20518,3.33371,0.706178,79
1.62118,3.47748,0.802007,80
2.26924,2.45588,0.799414,81
2.13552,2.50086,0.575521,82
2.38331,2.37176,0.577344,83
2.13792,2.50041,0.350977,84
2.22604,3.37176,0.424002,85
2.35595,2.33311,0.304904,86
2.71271,1.83936,0.75569,87
2.48564,1.8442,0.761381,88
2.40407,2.33421,0.245164,89
2.28666,2.52238,0.816561,90
2.43369,2.4167,0.66069,91
2.343,1.44927,0.793288,92
1.9057,1.4896,0.781303,93
2.37275,2.24915,0.774309,94
2.37512,2.07267,0.572628,95
2.05106,2.55035,0.436378,96
2.20004,1.8452,0.205654,97
2.43301,2.36718,0.455202,98
1.82173,1.61701,0.796667,99
2.25055,1.89649,0.731715,100
2.20905,2.50806,0.630281,101
2.34065,1.7538,0.459821,102
2.21516,2.50779,0.307106,103
2.22494,2.49813,0.471093,104
2.24311,2.55623,0.827281,105
2.207,2.51893,0.56075,106
0.676554,2.71905,0.740979,107
0.679567,2.56587,0.761193,108
1.13149,1.87283,0.791915,109
1.03008,1.93328,0.742209,110
2.20332,2.48897,0.340254,111
1.62318,3.47278,0.809744,112
1.88072,3.35271,0.735541,113
0.423217,3.60953,0.628161,114
0.236755,3.21699,0.638694,115
1.1186,3.61637,0.780653,116
1.24457,3.56768,0.374502,117
1.5003,3.62419,0.315039,118
2.58225,3.68729,0.77093,119
2.30569,3.64951,0.765324,120
2.59637,4.08404,0.81433,121
2.39758,3.89366,0.805409,122
2.70419,3.81448,0.831698,123
2.83628,3.92153,0.77905,124
2.17231,3.86553,0.812325,125
2.4857,3.51727,0.595511,126
3.00723,3.51964,0.714513,127
3.04665,3.54938,0.229069,128
3.20187,3.91714,0.760395,129
3.19573,3.67071,0.758873,130
3.88191,4.23598,0.808484,131
3.69031,4.24569,0.818421,132
3.70157,4.02758,0.786587,133
3.56429,3.96724,0.77305,134
3.50062,4.20885,0.798705,135
3.38034,4.03236,0.774228,136
3.52643,3.58649,0.760272,137
3.31018,3.49839,0.745664,138
2.6862,3.84613,0.818214,139
3.91224,3.74413,0.766391,140
3.41281,3.78272,0.760272,141
3.8551,3.97672,0.791585,142
2.68378,3.5912,0.741689,143
3.70242,3.70624,0.763753,144
4.38271,3.96664,0.775457,145
2.8721,3.96417,0.779165,146
4.05046,3.98647,0.792164,147
4.11474,3.77803,0.769571,148
2.90551,3.77442,0.801653,149
3.31864,2.53198,0.744323,150
3.34552,2.57546,0.502598,151
3.24546,1.52516,0.451777,152
3.02991,1.50441,0.444084,153
3.36558,2.30306,0.449617,154
3.35044,2.05579,0.379178,155
3.01152,1.88826,0.764622,156
2.76385,1.88985,0.775275,157
2.59304,2.48213,0.683454,158
2.56224,2.49497,0.51305,159
3.2625,1.90352,0.769017,160
3.28824,1.47135,0.801477,161
3.45005,1.66007,0.321051,162
3.31046,2.19427,0.76849,163
3.43205,2.33322,0.820286,164
2.87118,1.45893,0.813919,165
3.36895,2.28791,0.645783,166
3.42317,1.9894,0.607526,167
3.33189,2.17452,0.682323,168
3.31032,1.85744,0.680004,169
3.43012,1.47064,0.37992,170
3.64139,2.54257,0.486113,171
3.28658,2.4741,0.724201,172
4.87005,2.75548,0.790808,173
3.53192,2.51112,0.765781,174
3.30969,2.42441,0.465616,175
4.69571,3.99527,0.774809,176
4.33862,3.78799,0.751361,177
4.85916,3.61657,0.770585,178
4.9124,3.23615,0.70268,179
4.03154,3.54224,0.74569,180
3.70849,3.42758,0.735635,181
4.95527,2.90341,0.683996,182
4.93831,2.89036,0.439019,183
4.83385,3.42251,0.539707,184
4.39608,3.46891,0.744353,185
4.44238,3.42274,0.467062,186
4.41153,3.15213,0.472674,187
4.35163,3.12438,0.661241,188
3.84236,4.21976,0.830252,189
3.61481,4.02978,0.78939,190
3.66735,3.50196,0.753406,191
3.40527,3.48923,0.746336,192
4.80663,3.50899,0.739641,193
4.8179,3.6441,0.436658,194
3.95107,3.63323,0.767465,195
3.91885,3.45172,0.752452,196
4.49798,3.47934,0.770718,197
4.38049,3.43119,0.487398,198
4.10468,3.95641,0.793652,199
3.7802,3.80921,0.769564,200
4.66044,4.09214,0.800439,201
4.41319,3.96187,0.779605,202
4.27614,3.80518,0.774895,203
4.46985,4.15784,0.801308,204
4.25723,3.58351,0.771418,205
4.19883,3.38207,0.710606,206
4.65581,3.86819,0.797249,207
4.84508,3.74021,0.801158,208
3.515,3.75706,0.762856,209
4.06828,3.74911,0.770278,210
3.94482,4.00313,0.814374,211
4.51783,3.70133,0.777354,212
3.11499,3.96773,0.808171,213
2.9131,3.92054,0.799866,214
3.26802,3.93096,0.76496,215
3.15177,3.71982,0.761766,216
3.67883,4.22379,0.837338,217
3.5141,4.19974,0.835334,218
3.98205,4.21261,0.823355,219
3.84237,4.21702,0.834389,220
3.7109,3.9045,0.768079,221
3.58646,3.80843,0.76401,222
3.18018,3.47716,0.74457,223
3.03145,3.55159,0.737284,224
3.2099,4.20085,0.818121,225
3.6644,4.02781,0.788233,226
3.35437,3.4745,0.747026,227
3.47272,4.00395,0.784838,228
3.35613,4.16028,0.802592,229
2.98403,3.773,0.817868,230
3.38938,3.81766,0.76305,231
3.32546,3.65162,0.760033,232
3.80582,3.96757,0.794063,233
3.50107,3.65063,0.761385,234
2.74832,3.81625,0.807254,235
2.69156,3.52787,0.756439,236
1.342,3.74244,0.250593,237
2.52329,3.53922,0.428403,238
2.39126,3.83991,0.802579,239
2.32298,3.44948,0.61085,240
1.84522,3.67503,0.811471,241
2.09077,3.76964,0.798253,242
2.37891,3.81814,0.389312,243
0.379914,3.63142,0.430545,244
0.719874,2.58623,0.751483,245
0.543079,2.19621,0.648493,246
0.678293,2.45083,0.523301,247
0.473353,2.05394,0.350516,248
0.492628,1.72764,0.387837,249
0.523004,2.26385,0.276842,250
0.529821,1.9313,0.675313,251
0.335255,3.19675,0.47353,252
0.329487,3.00743,0.463969,253
0.125309,3.58452,0.768393,254
0.409372,3.22941,0.72701,255
0.374138,2.9006,0.729776,256
0.457394,3.56096,0.676765,257
0.670535,2.72443,0.517632,258
0.670555,2.62248,0.6444,259
0.633575,2.38233,0.65065,260
0.393959,2.04487,0.684973,261
-0.15608,1.59119,0.73143,262
0.461444,2.24533,0.283439,263
0.286634,3.07896,0.473221,264
0.466404,3.07007,0.712454,265
0.0929413,3.25398,0.769252,266
0.233367,1.69422,0.441691,267
0.33542,1.99378,0.366974,268
0.0396116,2.83252,0.762097,269
-0.0146865,1.59533,0.757413,270
-0.362716,1.78245,0.759596,271
0.494673,1.77788,0.62674,272
0.275722,1.75816,0.71851,273
0.0141977,1.32951,0.766334,274
-0.128384,0.830028,0.782552,275
0.519978,2.06865,0.644026,276
0.386712,1.97446,0.365013,277
0.412235,1.98621,0.744607,278
0.348782,1.17178,0.590997,279
0.606908,1.59812,0.74312,280
0.0712187,0.626165,0.67962,281
0.355881,1.77388,0.40689,282
0.532369,1.60592,0.430368,283
0.188019,1.65844,0.386174,284
0.449947,2.13839,0.33526,285
0.102565,0.770995,0.531853,286
1.57557,0.0260694,0.782388,287
1.5853,-0.0436978,0.614652,288
1.98853,-0.395156,0.736005,289
1.86315,-0.379512,0.721294,290
1.21425,-0.383426,0.69121,291
1.20577,-0.397523,0.542992,292
0.985295,-0.376484,0.700615,293
0.942243,-0.373039,0.567709,294
1.38427,-0.0479603,0.73706,295
1.82397,-0.263205,0.528796,296
1.43108,-0.133375,0.516195,297
1.31239,-0.343278,0.540487,298
2.02915,-0.481439,0.77625,299
1.07823,-0.389904,0.592838,300
1.61317,-0.134453,0.452751,301
1.37185,0.12057,0.780199,302
1.45211,0.034273,0.542172,303
0.94565,-0.952836,0.775536,304
0.649665,-0.937488,0.729028,305
1.68555,-0.763678,0.810848,306
1.5155,-0.908601,0.805517,307
1.22365,-0.263625,0.599286,308
0.985705,-0.261858,0.64874,309
0.238435,-0.688892,0.69341,310
0.163476,-0.701951,0.350653,311
1.29844,-0.857624,0.795116,312
0.98162,-0.537531,0.742031,313
1.18351,-0.670088,0.76502,314
1.83056,-0.844771,0.777411,315
0.589159,-0.957053,0.50167,316
0.485052,-0.657266,0.582769,317
1.05635,-0.26016,0.277252,318
0.0751091,-0.590327,0.712355,319
-0.143237,-0.621777,0.488158,320
-0.478135,-0.657704,0.708029,321
-0.526846,-0.667865,0.373266,322
0.228654,-0.578553,0.241378,323
-0.711365,-0.629336,0.522989,324
-0.692909,-0.628305,0.351257,325
-0.588866,0.499789,0.802823,326
-0.660675,0.466006,0.550657,327
-0.484946,0.538909,0.462516,328
0.0622083,0.832409,0.686062,329
-0.0372065,0.63524,0.391798,330
-0.357059,0.55527,0.789852,331
-0.570731,0.524783,0.579767,332
-0.638262,1.09249,0.712663,333
-0.318565,0.557673,0.404039,334
1.52964,-0.161722,0.565647,335
1.89466,1.34736,0.72536,336
1.87962,1.18182,0.67835,337
1.85261,-0.0918888,0.739159,338
1.9377,-0.0997301,0.485229,339
1.15669,0.112889,0.725108,340
0.93307,-0.200038,0.362945,341
1.25237,-0.106221,0.488432,342
1.66054,1.36097,0.712477,343
2.0256,0.0599859,0.680278,344
1.69507,1.32574,0.491673,345
0.559018,-0.0798664,0.585106,346
2.903,1.19676,0.74111,347
2.81427,1.00965,0.626691,348
1.86509,1.34547,0.767801,349
1.71299,1.31827,0.347355,350
2.26971,1.26166,0.708364,351
1.93216,1.2402,0.604906,352
2.86117,0.981495,0.745964,353
1.85537,1.10837,0.820462,354
2.88996,1.05641,0.464664,355
2.73487,1.29023,0.46008,356
2.52598,1.21432,0.723679,357
2.01459,1.10463,0.810609,358
3.45143,1.21683,0.817654,359
3.10534,1.21942,0.794249,360
3.32633,0.057672,0.215118,361
3.40812,-0.00371885,0.788214,362
3.31838,0.0539804,0.517048,363
3.0871,-0.0140213,0.354496,364
2.90282,1.14358,0.42253,365
2.84804,1.00231,0.691851,366
3.7207,1.19163,0.716374,367
3.87552,1.18415,0.727468,368
3.11152,0.0200134,0.691347,369
4.20546,1.35593,0.579039,370
3.98484,1.26442,0.75361,371
4.54167,-0.194219,0.785644,372
4.51785,-0.293452,0.783536,373
3.56745,0.0707419,0.752083,374
3.37402,0.0945715,0.669138,375
3.32566,0.0913786,0.453603,376
4.18972,1.18457,0.313417,377
3.56098,1.2117,0.709994,378
3.24535,0.0949842,0.246119,379
3.35039,1.21279,0.273777,380
3.90425,1.41012,0.223105,381
3.85812,-0.0895037,0.809146,382
3.10529,0.0346617,0.724257,383
3.24938,-0.109477,0.808943,384
2.54066,-0.219695,0.794443,385
2.5124,-0.27483,0.652085,386
3.08399,0.0746392,0.528273,387
3.1123,-0.0967404,0.348361,388
2.81948,-0.162285,0.85921,389
2.61883,-0.158485,0.882725,390
2.8285,-0.20317,0.717283,391
2.67673,-0.19868,0.68745,392
3.1144,-0.184831,0.638201,393
2.45409,-0.376495,0.406071,394
2.51594,-0.234645,0.521115,395
3.15545,-0.403549,0.550222,396
2.61391,-0.216455,0.488968,397
2.71249,-0.190302,0.442449,398
2.42714,-0.529168,0.230726,399
3.10204,0.149591,0.314818,400
2.87939,-0.20068,0.581125,401
3.14839,-0.328246,0.335388,402
2.79639,-0.193064,0.507926,403
3.20603,-0.350492,0.788456,404
3.0514,0.147769,0.717792,405
3.05726,0.135336,0.486274,406
3.2835,0.178112,0.818844,407
3.2736,0.196447,0.556788,408
3.56989,0.222603,0.745903,409
3.40624,0.165508,0.75294,410
3.18063,0.0238363,0.810944,411
3.144,-0.140575,0.805962,412
3.07476,0.136815,0.249327,413
3.04891,-0.191856,0.307332,414
3.81016,0.0834461,0.807244,415
3.03295,-0.0631935,0.667156,416
3.35987,-0.246483,0.764631,417
3.04078,-0.099856,0.459225,418
4.53855,0.358037,0.733161,419
3.29606,0.195476,0.30075,420
4.27764,1.39697,0.458791,421
5.21082,0.846123,0.640461,422
5.0103,0.866041,0.702903,423
4.58097,0.139719,0.50319,424
5.22264,0.720139,0.654861,425
5.05918,0.655306,0.761404,426
4.9999,0.855489,0.337642,427
4.57696,0.238536,0.313506,428
4.56374,0.428473,0.221049,429
5.23298,0.594022,0.639472,430
4.56713,0.304846,0.770481,431
4.99567,0.631375,0.317913,432
4.562,0.424846,0.552305,433
4.59464,0.263916,0.426091,434
3.93287,0.101919,0.867051,435
3.81578,0.144302,0.721039,436
3.75516,0.118103,0.499458,437
3.90467,-0.018878,0.451722,438
4.73371,-0.415916,0.737191,439
4.64047,-0.462581,0.478801,440
3.80234,-0.132342,0.672321,441
4.61032,0.01535,0.392949,442
4.60085,-0.0354207,0.739808,443
4.63106,-0.226691,0.539812,444
3.95889,-0.828493,0.675916,445
4.59204,0.18709,0.743877,446
3.8275,-0.081354,0.760484,447
4.76035,-0.682531,0.748994,448
4.58876,-0.782099,0.28764,449
4.72507,-0.762641,0.524133,450
3.84683,-0.0542,0.866426,451
5.74425,0.725828,0.766584,452
5.78105,0.645339,0.765697,453
5.12463,0.671443,0.744414,454
5.16087,0.445741,0.765694,455
5.30761,0.424554,0.561347,456
5.27725,0.446684,0.362732,457
4.62148,0.270738,0.664999,458
4.59822,-0.0640058,0.736956,459
5.29946,0.627496,0.436437,460
5.08614,0.565316,0.264812,461
5.32352,0.594814,0.643718,462
4.60676,-0.0557345,0.409705,463
5.11286,0.728085,0.478784,464
5.62872,0.672041,0.775005,465
5.23338,0.669245,0.61049,466
5.18156,0.62659,0.284099,467
6.72025,2.30024,0.74505,468
6.58585,2.15643,0.561967,469
6.21721,1.86384,0.211265,470
6.46085,2.4442,0.291485,471
6.74434,1.90706,0.407199,472
6.93735,1.58918,0.502792,473
6.96019,1.89469,0.570768,474
6.47061,2.00253,0.296209,475
7.31715,2.33797,0.702055,476
7.36962,2.33481,0.48663,477
6.3589,1.81743,0.237178,478
7.11516,2.12844,0.756611,479
6.99272,2.03787,0.529204,480
6.72629,2.19094,0.74822,481
6.60547,1.99208,0.506671,482
6.11609,3.65306,0.715576,483
5.92378,3.11393,0.733301,484
5.87884,2.99043,0.519541,485
6.90516,2.54275,0.481662,486
6.49889,2.34267,0.3479,487
7.02161,2.69188,0.698291,488
5.95385,3.21829,0.75426,489
5.93183,2.97651,0.563026,490
6.30519,3.65519,0.714323,491
6.16522,3.66771,0.559929,492
5.12286,2.79568,0.698295,493
5.09103,2.75711,0.402246,494
5.729,2.88738,0.522148,495
5.16847,3.40915,0.78027,496
5.57199,3.1154,0.492139,497
5.7754,3.36316,0.590782,498
5.31705,3.58712,0.477966,499
6.40047,3.66846,0.437752,500
6.25957,3.65754,0.360563,501
5.20256,2.75972,0.698057,502
4.88225,2.78019,0.70306,503
5.26078,2.74779,0.400548,504
4.36103,3.08977,0.753311,505
4.87788,2.75661,0.397517,506
4.68883,1.87965,0.675589,507
4.30505,1.89121,0.690985,508
4.69579,1.83802,0.347203,509
4.37303,3.04528,0.791468,510
4.1809,3.05451,0.633231,511
3.57307,2.47343,0.585557,512
3.48211,2.21092,0.627345,513
4.72447,1.96625,0.424358,514
4.62552,1.90121,0.270937,515
4.74945,2.78339,0.661228,516
4.8086,2.77359,0.373609,517
3.45197,1.94306,0.395446,518
4.02917,1.95685,0.767921,519
4.37599,1.97471,0.726472,520
4.22213,1.90178,0.319103,521
3.372,3.36888,0.716313,522
3.08669,3.37804,0.719461,523
2.90963,3.70805,0.747606,524
2.82631,3.38405,0.715276,525
3.10005,2.07272,0.674877,526
2.76452,1.91916,0.684974,527
3.32677,2.20911,0.75735,528
3.45293,2.1054,0.529364,529
3.4899,2.41753,0.741787,530
3.47619,2.52846,0.468119,531
3.41882,2.3234,0.476936,532
2.45432,1.91514,0.768077,533
3.33563,3.49077,0.739972,534
2.90572,3.46513,0.7365,535
2.79362,3.42184,0.340437,536
3.10039,4.15943,0.246223,537
2.83268,4.12094,0.232437,538
3.03749,3.96824,0.777177,539
2.73942,3.83696,0.781916,540
2.43261,3.61653,0.774342,541
2.14372,3.38284,0.693901,542
2.26653,3.47263,0.451713,543
3.39137,2.63336,0.47318,544
2.22294,3.42722,0.719074,545
1.70384,3.6007,0.802758,546
2.27189,2.52923,0.764375,547
2.19376,2.56382,0.52157,548
2.23911,3.47554,0.428156,549
2.33673,2.41079,0.355542,550
2.08147,2.60986,0.259129,551
1.62732,3.40552,0.761723,552
1.45112,3.43114,0.747011,553
2.15176,2.61339,0.739282,554
2.11528,2.57347,0.418648,555
0.624079,2.72778,0.757896,556
0.625252,2.55165,0.76033,557
1.0811,3.67289,0.314713,558
0.692743,2.46625,0.755678,559
0.653092,2.5284,0.530925,560
0.493839,2.14135,0.338526,561
0.411352,1.88313,0.399525,562
0.312935,2.98459,0.605385,563
0.00533519,2.92669,0.723887,564
0.565971,1.53839,0.40471,565
0.364301,1.55269,0.430779,566
0.521428,2.02559,0.682401,567
0.533632,1.68149,0.662558,568
0.629734,2.42221,0.548694,569
0.180343,2.14736,0.825427,570
0.403204,1.9591,0.357329,571
0.514831,2.34148,0.257861,572
0.418115,2.16209,0.360455,573
0.498239,1.8421,0.603302,574
0.376207,1.71663,0.687166,575
-0.171501,1.68372,0.749871,576
0.0613306,1.36788,0.742859,577
0.512675,1.67091,0.35838,578
0.242613,1.673,0.394369,579
0.623489,1.73191,0.718904,580
0.502546,2.24462,0.676882,581
0.472395,2.04759,0.692842,582
0.402557,1.18822,0.409591,583
0.595292,1.65229,0.535185,584
0.651496,1.592,0.771075,585
0.649643,1.49555,0.569324,586
0.398544,1.10136,0.55156,587
1.49604,-0.132463,0.677588,588
1.3238,-0.131689,0.743208,589
0.218267,0.657946,0.549404,590
0.0593252,0.588032,0.730277,591
0.228117,0.658888,0.262396,592
1.45827,-0.0629508,0.655375,593
1.21329,-0.390706,0.57451,594
1.81199,-0.424615,0.371393,595
0.967014,-0.393316,0.629843,596
1.05244,-0.400837,0.321545,597
1.51894,-0.838608,0.788043,598
1.22906,-0.814912,0.796138,599
1.29542,-0.260503,0.704077,600
1.13556,-0.27032,0.661904,601
0.487173,-0.687382,0.730382,602
0.650017,-0.945142,0.527471,603
1.17919,-0.258131,0.364909,604
1.03741,-0.273869,0.20301,605
0.832785,-0.943106,0.764137,606
1.27994,-0.446442,0.748089,607
1.31532,0.0402016,0.66965,608
0.988462,-0.252608,0.45229,609
1.02741,-0.600986,0.752278,610
1.41873,-0.612383,0.749494,611
0.963527,-0.273753,0.699388,612
1.63568,-0.925351,0.462176,613
0.436923,-0.674647,0.387303,614
0.173395,-0.710628,0.627397,615
1.35575,-0.252799,0.491154,616
-0.0625726,0.584491,0.690322,617
0.103304,0.633591,0.37696,618
0.0684978,-0.612327,0.730009,619
0.15451,-0.608663,0.437198,620
-0.390383,-0.658988,0.512741,621
-0.299647,-0.652359,0.322871,622
-0.124371,-0.633566,0.631914,623
-0.312543,-0.649875,0.739857,624
-0.0485328,-0.629,0.334676,625
-0.556799,-0.670991,0.701969,626
0.576867,2.65692,0.748275,627
0.580302,2.62524,0.539217,628
0.525352,1.67398,0.678243,629
0.195428,1.58551,0.716335,630
0.0462546,2.24463,0.751776,631
0.0697895,1.84358,0.737296,632
0.388721,1.7198,0.390548,633
0.337472,1.35648,0.481939,634
0.505696,2.51476,0.29931,635
1.62161,1.67297,0.753902,636
1.79342,1.41574,0.659961,637
1.7831,1.99008,0.411738,638
0.672715,2.67263,0.768623,639
0.649365,2.64559,0.669061,640
0.61945,2.6361,0.486471,641
0.594664,2.63021,0.383416,642
0.613882,2.6088,0.297267,643
0.648159,2.67765,0.556509,644
0.689133,2.72884,0.666186,645
0.634206,1.74934,0.733562,646
0.567659,1.77607,0.357214,647
Free Nodes:303
6.52845,2.67118,0.0333248,0
6.29898,2.39858,0.0280667,1
6.15938,2.08009,0.0201026,2
6.54956,1.41765,0.0113385,3
6.7315,1.16189,0.0140511,4
4.61396,3.05856,0.00614624,5
6.31098,3.31683,0.011517,6
5.28186,3.0973,0.00234844,7
5.66343,2.56167,0.00380517,8
5.97923,2.60599,0.00863483,9
4.21635,2.41599,0.0084594,10
3.09195,2.75835,-0.00248814,11
2.78921,3.06146,0.0037894,12
2.71154,2.76104,0.0043769,13
2.47138,2.78654,0.00688163,14
3.22888,3.0033,0.000856188,15
2.53095,3.05904,0.00665528,16
1.94556,3.17653,0.0191194,17
1.7192,2.86134,0.0211285,18
2.42785,3.02132,0.00934105,19
1.70169,3.14953,0.0224954,20
1.96168,2.87135,0.0166124,21
2.45578,2.81891,0.00826082,22
1.74152,2.59491,0.0193051,23
1.55293,2.57223,0.0162814,24
1.62029,2.98899,0.0124791,25
0.986937,3.42025,0.0198852,26
1.06766,3.1018,0.0182176,27
1.36605,3.06089,0.017221,28
1.46569,2.38158,0.0101409,29
1.44709,2.75598,0.0126423,30
1.23712,2.25281,0.0102459,31
1.24566,3.33823,0.0192767,32
1.64399,2.54993,0.00914207,33
1.14235,2.81338,0.0157141,34
1.21682,2.53603,0.0123522,35
1.82494,2.84887,0.00776396,36
1.26899,3.07753,0.00364029,37
1.11766,2.92464,0.00390333,38
0.918178,3.39306,0.00049653,39
0.737566,3.2359,-9.53529e-05,40
0.86111,2.9731,0.00121563,41
0.81216,3.50501,0.00027344,42
0.992949,3.17158,0.00107705,43
3.29196,4.18524,0.0294114,44
3.1013,4.18092,0.025797,45
4.06298,2.55763,0.0249799,46
3.82773,2.88626,0.0190894,47
4.65227,2.39093,0.00512314,48
4.30161,2.57736,0.00506281,49
4.01186,2.69605,0.00286564,50
1.01133,3.13989,0.00434328,51
1.2866,2.77766,0.00436558,52
1.29341,2.3008,0.00263031,53
0.888527,3.10986,-0.00696968,54
0.903645,2.24224,-0.00524704,55
0.152575,2.54511,0.0210422,56
0.901643,1.4462,0.0103948,57
1.00868,1.18011,0.0152505,58
0.843277,0.866248,0.0197025,59
0.695809,0.563807,0.0251776,60
0.681639,1.14315,0.0130593,61
0.502101,0.862073,0.0162884,62
1.69349,0.550576,0.000874976,63
1.37194,0.535541,-0.00185832,64
1.02789,0.607077,-0.00161927,65
0.667404,0.679913,-0.00454854,66
0.455429,0.438504,0.00788122,67
0.61921,0.0876315,-0.00846656,68
1.80684,0.230796,0.00196589,69
0.884173,0.191713,-0.00570273,70
0.370997,0.166669,-0.0102358,71
0.250663,0.0559593,-0.0113263,72
0.135391,0.0301398,-0.0121385,73
0.514039,-0.0042503,-0.0141851,74
0.329607,-0.327776,-0.0205663,75
-0.643281,-0.363625,0.01164,76
-0.228597,0.0801282,0.00600099,77
-0.412192,0.0150263,0.00779903,78
-0.800797,0.215065,0.0118811,79
-0.950289,0.191831,0.0133464,80
-1.01155,-0.17291,0.0123802,81
-0.861111,-0.376545,0.0111111,82
-0.508908,0.278855,0.0103669,83
-0.660067,0.237925,0.0103402,84
-0.861727,0.0459226,0.0108415,85
-0.361741,0.257398,0.00944492,86
-0.0661647,-0.180485,0.00526768,87
-1.15078,-0.0167619,0.0129473,88
-0.810784,-0.15233,0.0109072,89
-0.54045,0.104326,0.00933065,90
-0.271545,-0.120462,0.00679262,91
-1.10196,0.161333,0.0127136,92
-1.00115,0.0154383,0.0116806,93
-0.442253,-0.273958,0.00951419,94
-0.710438,0.0361483,0.00979107,95
-0.592805,-0.111098,0.00971633,96
-1.24896,0.132284,0.0140987,97
-1.70038,0.0113818,-0.0029227,98
-1.7158,-0.215606,-0.0033259,99
-1.1779,-0.333365,-0.000330013,100
-1.27202,-0.590996,-3.55876e-05,101
-1.29789,0.0374742,0.00112019,102
-1.51828,0.157331,-0.00060338,103
-1.45749,-0.805172,0.000135292,104
-1.59508,-1.07858,-0.000190488,105
-1.4398,-0.178365,-0.00202859,106
-1.54553,-0.464918,-0.00152062,107
-1.22851,-1.03809,0.00264424,108
-1.47446,-1.37703,6.59318e-06,109
-1.84752,0.183731,-0.003756,110
-2.04186,0.023255,-0.00840629,111
-1.85869,-0.451483,-0.00477125,112
-2.141,0.21089,-0.00909276,113
-1.74937,-0.742287,-0.00256818,114
-1.97433,-0.186212,-0.0061696,115
-1.03117,-0.742346,0.00218677,116
-1.19584,1.43258,0.00455158,117
-1.3571,1.3592,0.00478967,118
-1.2185,1.03348,0.0057922,119
-1.43179,1.14239,0.00568648,120
-0.959965,0.838426,0.00556485,121
-1.1185,0.755446,0.00692203,122
-1.79663,1.33629,0.00404518,123
-2.00552,1.24127,0.00419973,124
-0.627092,1.08027,0.103631,125
-0.618841,0.853105,0.061274,126
-1.47912,0.920709,0.00571098,127
-1.65116,0.84319,0.00622371,128
-1.83963,1.02967,0.00451428,129
-1.63135,1.05962,0.00468825,130
-1.47539,0.671482,0.00761228,131
-1.57005,1.35292,0.00413604,132
-1.29586,0.644502,0.00883998,133
-1.31158,0.852656,0.00770939,134
-0.635627,1.32387,0.105544,135
-1.08736,1.1565,0.00502296,136
-1.75928,1.18635,0.00451959,137
0.745145,1.31808,0.0100627,138
0.647371,0.992341,0.0120475,139
0.569237,0.8963,0.00997915,140
0.906365,1.26849,0.0102695,141
0.825344,1.18575,0.00947368,142
0.73966,1.08387,0.0111864,143
0.678451,1.21061,0.0100208,144
0.474627,0.788032,0.00780544,145
1.51734,0.81472,0.00160313,146
1.57787,0.399931,0.0022162,147
1.38908,1.20653,0.00255973,148
1.02782,0.843578,0.0044159,149
2.78985,0.319619,0.0226835,150
2.64605,0.760569,0.0167386,151
2.44393,0.478827,0.0178144,152
2.06818,0.632116,0.0109872,153
2.29145,0.944094,0.0123343,154
3.44807,0.688359,0.0117393,155
3.16563,0.567824,0.00832376,156
2.80234,0.0897391,0.00506253,157
2.86744,0.371228,0.00502174,158
2.81334,0.645478,0.00550967,159
3.33024,0.850914,0.00844715,160
3.41272,0.507301,0.00942515,161
3.68153,0.814564,0.0129943,162
4.00327,0.714487,0.0177384,163
3.88504,0.406809,0.0149359,164
4.22626,0.871903,0.0249289,165
3.90741,0.823956,0.0194685,166
3.55648,0.811362,0.0139787,167
3.39337,0.575101,0.011425,168
3.75579,0.531125,0.0163165,169
4.08495,0.513227,0.0226661,170
4.67657,1.31944,0.0159022,171
4.13174,0.586397,0.00788121,172
4.75201,1.06402,0.0150443,173
4.57618,0.897865,0.0128082,174
4.18198,0.236757,0.00847993,175
4.36882,0.731118,0.0110804,176
4.28227,-0.0412232,0.00424839,177
5.55639,1.08778,0.00728996,178
5.80217,1.60372,-0.00548072,179
5.854,1.39129,-0.0066228,180
5.90848,1.13382,-0.00576953,181
5.3808,1.28342,-0.00341457,182
5.16714,1.18535,-0.00180885,183
5.57868,2.08619,0.000847906,184
5.44457,2.00865,-0.00051462,185
5.35121,1.68959,-0.00220766,186
5.29297,1.51061,-0.00186507,187
5.75458,1.93849,-0.000786441,188
5.74901,1.7793,-0.00224117,189
5.64499,1.24815,-0.00657004,190
5.1794,1.75859,-0.00082334,191
5.7433,2.09702,-0.000456051,192
5.60475,1.03827,-0.00507149,193
5.55539,1.4577,-0.00372817,194
5.54318,1.85847,-0.000973144,195
5.06143,1.61831,-0.000688129,196
5.54475,1.65419,-0.00288081,197
5.33179,1.87605,-0.000369923,198
5.11893,1.40914,-0.00101835,199
5.6936,2.24198,0.00249736,200
6.25801,2.68589,0.0254941,201
6.09886,2.48927,0.0208847,202
6.87905,1.07472,0.00572837,203
6.53483,1.08173,0.00472816,204
6.2065,1.3959,0.00166005,205
6.18484,1.10211,0.00340188,206
6.49149,1.39461,0.00429315,207
5.73592,2.09481,0.0116252,208
5.84187,1.82511,0.00738279,209
5.92577,2.30035,0.0162769,210
5.96421,1.49232,0.00179777,211
6.13314,2.777,0.0143636,212
6.01008,2.25337,0.00955023,213
6.46014,2.77722,0.0167512,214
6.05633,2.5151,0.0132885,215
5.75067,2.47793,0.0101075,216
6.31587,3.20035,0.00494919,217
4.42588,2.34376,0.0139436,218
4.46859,2.53693,0.0115222,219
4.89442,2.41426,0.00549711,220
5.15064,2.40186,0.00287936,221
4.53199,2.73887,0.0108533,222
4.86967,2.16738,0.00765469,223
5.09255,2.17413,0.00509952,224
4.66543,2.3509,0.00905681,225
4.12456,2.73205,0.00909285,226
3.99953,2.4957,0.00937068,227
4.52615,2.39896,0.0061169,228
4.36598,2.61521,0.00782044,229
4.24556,2.37465,0.00904838,230
3.84598,3.06929,0.00697076,231
3.209,3.0398,-0.00194725,232
2.71255,2.8107,0.00741808,233
2.24596,3.02904,0.0135659,234
2.51914,2.99306,0.0101783,235
3.09574,3.04227,0.00204306,236
2.79095,3.07412,0.00608559,237
1.72864,2.98922,0.0261505,238
2.50294,2.96119,0.0103448,239
1.73494,2.70486,0.0244807,240
2.35934,3.05064,0.0122922,241
1.09862,3.19769,0.01271,242
1.29913,2.67119,0.011626,243
1.08311,2.69324,0.0110438,244
1.83078,2.84931,0.00556438,245
1.70131,2.67994,0.00739259,246
1.60735,2.96135,0.00870731,247
1.12603,2.45961,0.0108597,248
1.49327,2.76766,0.00905018,249
1.08416,2.94309,0.01294,250
1.13199,2.2374,0.00973697,251
1.31956,2.97997,0.0124312,252
1.55196,2.49829,0.00877165,253
1.35047,2.3764,0.0102292,254
1.11015,2.44794,0.00728519,255
0.940176,3.10692,0.00684588,256
1.02517,2.82372,0.00651457,257
0.924974,1.2068,0.00542271,258
0.922234,0.90326,0.0084237,259
1.10332,1.40274,0.00519692,260
1.20139,1.17102,0.00571206,261
1.0002,1.00855,0.00672528,262
0.86502,1.26979,0.00411182,263
1.42406,0.528767,0.0102114,264
1.60197,0.394456,0.0125674,265
1.32273,0.966506,0.00674671,266
1.36981,0.734957,0.0075035,267
0.900631,0.74027,0.00908101,268
0.954033,0.465954,0.0123446,269
1.57225,0.857508,0.00898657,270
1.60359,0.636608,0.00927859,271
0.655353,0.63953,0.00807098,272
1.52044,1.06005,0.00708695,273
1.18497,0.514922,0.0104281,274
1.14182,0.781642,0.00823369,275
0.912127,0.517167,0.000403113,276
0.5491,0.591002,-0.00138249,277
1.54071,0.412739,-0.000678552,278
1.26258,0.470325,-0.00130955,279
0.825113,0.226861,-0.00174264,280
0.579286,0.345697,-0.00233264,281
0.318341,0.217898,-0.00262469,282
0.179452,0.0626668,-0.00334654,283
0.0945358,-0.100444,-0.00417679,284
-0.452422,-0.144293,-0.00888886,285
-0.175256,0.270801,-0.0072487,286
-0.650099,0.111433,-0.00631457,287
0.259507,0.104544,-0.00752708,288
-0.29355,0.058249,-0.00793634,289
-0.0387479,0.194319,-0.00912939,290
0.191656,-0.180202,-0.00921593,291
0.0608848,0.114821,-0.00908197,292
-0.0235437,-0.161721,-0.010161,293
-0.209051,-0.188672,-0.00968517,294
-0.450183,0.190922,-0.00563584,295
0.134703,-0.0113151,-0.00883926,296
-0.126817,0.0137751,-0.00998978,297
0.00407396,-0.0164174,-0.00985316,298
1.08709,2.36444,0.012131,299
1.15024,2.57101,0.014856,300
1.11478,2.76857,0.0168935,301
1.26384,1.29332,-0.00980834,302
Adjacency List:
0:214,212,
1:202,215,
2:213,210,
3:4,204,
4:203,204,3,206,
5:226,
6:217,214,212,201,0,
7:
8:216,9,200,210,215,
9:215,202,212,216,201,
10:230,49,46,218,227,
11:15,236,232,13,233,
12:237,16,233,235,239,
13:233,14,22,239,235,
14:239,235,19,13,
15:232,236,11,12,237,
16:235,239,19,241,22,
17:20,238,21,234,245,
18:36,245,238,247,240,
19:241,235,239,16,234,
20:238,25,247,17,18,
21:245,36,18,238,
22:239,235,19,241,
23:246,33,24,253,
24:253,33,246,23,249,
25:247,238,18,20,36,
26:39,42,242,43,
27:51,242,43,256,250,
28:252,37,247,25,38,
29:254,253,53,24,33,
30:249,52,243,24,252,
31:53,251,254,299,255,
32:242,37,27,28,
33:24,253,23,246,240,
34:301,38,257,244,250,
35:300,248,255,243,244,
36:245,18,21,238,
37:28,252,27,242,38,
38:250,34,257,301,27,
39:26,43,40,242,
40:54,39,256,43,42,
41:54,256,257,51,250,
42:26,40,43,54,
43:51,256,27,242,54,
44:
45:
46:227,50,226,10,49,
47:231,50,226,46,227,
48:225,228,218,219,220,
49:229,219,10,230,226,
50:226,46,227,47,49,
51:43,27,256,242,54,
52:243,34,30,301,252,
53:31,254,251,29,299,
54:256,43,51,41,27,
55:299,251,255,248,31,
56:
57:141,263,260,258,
58:258,141,263,262,142,
59:259,268,149,262,139,
60:272,66,277,276,281,
61:143,142,138,
62:140,145,139,66,
63:271,265,147,278,264,
64:264,279,274,267,278,
65:276,269,274,268,275,
66:272,60,277,145,
67:281,282,60,272,
68:74,280,71,281,70,
69:265,147,278,63,271,
70:280,269,68,276,281,
71:282,288,72,283,74,
72:288,283,73,296,71,
73:296,283,292,72,284,
74:68,71,72,288,282,
75:291,284,296,74,293,
76:94,96,89,285,
77:289,297,78,286,91,
78:289,90,285,295,77,
79:84,80,85,287,95,
80:79,92,85,93,95,
81:93,89,88,100,82,
82:89,81,100,96,
83:295,84,90,287,
84:287,79,83,90,95,
85:93,95,80,79,89,
86:295,289,77,
87:293,294,298,284,297,
88:93,102,97,92,81,
89:81,85,95,96,82,
90:287,295,78,83,84,
91:294,289,285,78,297,
92:97,80,93,88,102,
93:85,88,92,80,81,
94:285,76,96,91,294,
95:287,85,90,96,79,
96:285,95,78,90,94,
97:102,92,88,103,93,
98:110,99,103,106,115,
99:98,115,112,106,107,
100:81,101,106,88,82,
101:100,104,116,107,106,
102:97,88,92,103,106,
103:98,102,97,110,106,
104:101,114,105,108,107,
105:104,109,108,114,101,
106:102,99,100,107,98,
107:101,99,106,112,114,
108:104,116,105,109,101,
109:105,108,104,114,116,
110:98,111,113,103,115,
111:113,115,110,98,99,
112:99,115,114,107,98,
113:111,110,115,98,99,
114:104,112,107,105,101,
115:111,99,112,98,110,
116:101,108,104,100,
117:118,136,120,132,119,
118:117,132,120,136,119,
119:136,134,120,127,122,
120:130,127,118,119,132,
121:122,119,136,126,134,
122:121,133,134,119,131,
123:137,132,124,129,130,
124:123,137,129,130,132,
125:126,135,121,136,122,
126:125,121,135,122,136,
127:134,128,130,120,131,
128:127,130,131,129,134,
129:137,130,128,124,123,
130:137,127,129,120,128,
131:133,134,128,127,122,
132:118,123,120,137,130,
133:131,134,122,127,121,
134:127,119,133,122,131,
135:125,126,136,117,121,
136:119,117,118,121,120,
137:123,129,130,132,124,
138:144,263,142,141,61,
139:140,143,62,
140:62,139,145,143,
141:263,258,142,58,138,
142:263,258,141,143,144,
143:61,139,142,144,258,
144:138,143,142,263,
145:62,140,66,272,
146:270,267,271,273,266,
147:265,278,63,264,271,
148:302,261,266,260,
149:259,275,268,262,59,
150:159,152,
151:159,152,154,158,150,
152:151,150,159,153,158,
153:63,154,152,271,69,
154:153,151,152,159,63,
155:168,167,161,160,162,
156:155,160,
157:152,
158:159,152,
159:151,158,150,156,152,
160:155,167,168,156,162,
161:168,155,167,169,
162:167,166,155,169,163,
163:166,172,170,165,169,
164:169,170,172,163,175,
165:176,163,172,166,174,
166:163,162,165,172,169,
167:162,155,160,168,161,
168:161,155,160,167,
169:164,162,163,170,166,
170:172,163,164,169,
171:173,174,199,196,
172:170,163,176,165,164,
173:174,171,176,
174:173,176,165,171,
175:164,
176:165,174,172,163,
177:164,
178:193,190,182,181,194,
179:189,211,180,209,197,
180:211,179,190,181,194,
181:180,206,190,193,178,
182:183,187,194,178,190,
183:199,182,187,178,
184:185,208,192,200,188,
185:184,198,195,208,192,
186:191,198,187,197,195,
187:186,199,182,196,194,
188:209,208,192,189,195,
189:209,188,179,195,197,
190:178,193,194,180,182,
191:196,186,198,187,199,
192:208,200,188,184,210,
193:178,190,181,182,194,
194:197,190,182,187,179,
195:185,197,198,189,188,
196:191,199,187,186,198,
197:186,194,195,189,179,
198:185,186,191,195,197,
199:187,196,183,182,191,
200:192,208,184,210,216,
201:212,215,
202:215,9,1,213,
203:4,204,206,
204:4,207,3,203,206,
205:206,180,
206:181,205,204,207,180,
207:204,206,
208:192,200,184,188,210,
209:189,188,179,192,208,
210:213,200,216,215,202,
211:180,179,
212:201,9,202,214,
213:210,2,202,215,
214:0,212,217,
215:202,9,210,201,213,
216:8,200,210,9,215,
217:6,214,212,201,0,
218:228,230,219,10,48,
219:229,228,49,218,222,
220:225,48,223,221,224,
221:224,220,223,225,185,
222:229,219,49,228,
223:224,220,48,221,
224:223,221,220,198,185,
225:48,228,220,218,219,
226:50,46,49,227,229,
227:46,50,10,226,230,
228:218,48,225,219,229,
229:49,219,222,10,226,
230:10,218,49,46,229,
231:47,50,226,46,227,
232:15,236,11,237,12,
233:13,14,22,239,12,
234:241,19,239,235,16,
235:239,16,19,241,22,
236:232,15,11,237,12,
237:12,16,233,235,236,
238:25,247,18,20,36,
239:235,19,16,22,241,
240:246,18,
241:19,234,239,235,16,
242:27,51,43,256,32,
243:52,35,30,300,301,
244:301,34,300,257,35,
245:36,18,21,238,
246:240,23,33,18,24,
247:25,238,18,20,249,
248:255,299,300,35,251,
249:30,24,52,243,247,
250:38,257,34,27,301,
251:31,299,53,255,248,
252:28,37,52,38,250,
253:24,33,29,23,246,
254:53,29,31,35,253,
255:248,299,300,35,251,
256:54,51,43,27,41,
257:301,34,250,38,244,
258:141,263,58,142,138,
259:59,149,262,268,275,
260:302,57,141,58,261,
261:302,148,58,266,260,
262:259,149,58,258,59,
263:141,258,142,138,58,
264:64,278,279,147,271,
265:147,278,63,264,271,
266:273,267,261,146,148,
267:146,64,264,275,266,
268:59,149,259,65,276,
269:276,65,274,280,60,
270:146,273,271,267,266,
271:63,146,264,270,278,
272:66,60,277,145,268,
273:270,266,146,261,
274:279,65,64,269,264,
275:149,65,267,268,259,
276:269,65,60,268,274,
277:272,66,60,
278:147,265,264,63,64,
279:274,64,264,65,278,
280:70,68,269,281,276,
281:67,277,60,68,280,
282:71,288,72,283,67,
283:73,72,296,288,292,
284:296,298,291,293,73,
285:94,96,78,91,294,
286:290,77,289,297,
287:95,90,84,79,295,
288:72,283,71,282,73,
289:77,78,297,91,295,
290:292,286,297,298,77,
291:284,296,75,293,73,
292:73,290,283,298,296,
293:87,284,298,294,297,
294:91,87,293,297,285,
295:83,86,90,78,289,
296:73,283,284,298,72,
297:77,298,289,91,290,
298:284,296,297,73,292,
299:255,248,251,31,35,
300:35,248,255,244,243,
301:34,244,257,38,52,
302:261,148,260,58,266,
