Clusters: 13
Codebook: x,y,z,label
-0.0419349,-1.1209,0.852434,0
0.662642,-0.970085,0.855991,1
0.182089,-0.923253,0.874494,2
0.360577,-0.773727,0.842243,3
0.192004,-1.15409,0.872419,4
-0.13605,-0.976111,0.831258,5
-0.0966485,-0.85648,0.669565,6
-0.125879,-1.22743,0.843377,7
0.0872848,-1.40072,0.669328,8
0.00693941,-0.899739,0.85398,9
0.0872554,-1.40498,0.706109,10
0.58914,-0.657011,0.843727,11
0.101917,-0.782724,0.773621,12
Adjacency List:
0:7,5,9,4,2,
1:11,3,2,4,12,
2:9,12,4,3,0,
3:2,11,12,1,9,
4:2,0,9,10,7,
5:9,0,6,7,12,
6:5,9,12,0,2,
7:0,5,10,8,4,
8:10,7,4,0,5,
9:5,12,2,6,0,
10:8,7,4,0,5,
11:3,1,2,12,9,
12:9,2,6,3,5,
