Clusters: 1024
Codebook: x,y,z,label
Occupied Nodes: 823
-0.318105,-0.54968,0.242757,0
0.139606,-0.584935,0.329908,1
-0.351638,0.446817,0.57937,2
0.0680603,0.798234,0.360155,3
-0.268529,0.77291,0.352276,4
-0.737932,-0.510522,0.114182,5
-0.168763,-0.573162,0.715429,6
0.413974,-0.754699,0.385665,7
-0.582511,-0.551216,0.630821,8
0.42767,0.772651,0.51448,9
0.854549,0.649192,0.259439,10
-0.562562,0.979472,0.284172,11
-0.34651,0.453399,1.01714,12
-0.282045,0.844147,0.79945,13
-0.974385,-0.621017,0.325984,14
0.30036,-0.708261,0.958073,15
0.792027,-0.937707,0.328888,16
-0.18055,-0.573183,1.13853,17
0.612975,1.0454,0.548188,18
0.997513,0.693495,0.579952,19
0.0331635,1.1753,0.690588,20
-0.928389,-0.58333,0.836959,21
0.743677,-0.903727,0.74229,22
-0.605611,-0.555411,1.14298,23
-0.811365,1.02655,0.582601,24
0.453335,1.19234,0.731492,25
-1.05136,-0.844921,0.693851,26
-0.346198,0.456688,1.4096,27
-1.08599,-1.03367,0.271558,28
-0.28749,0.863711,1.22195,29
0.741533,-1.35047,0.263409,30
1.48586,-0.461023,0.256049,31
-0.0910845,1.25404,0.981327,32
0.821373,1.14139,0.798153,33
0.74701,-0.926413,1.11093,34
1.47238,-0.416862,0.579223,35
-0.758257,1.01599,1.04994,36
1.08358,1.05186,0.687872,37
-0.405341,-0.544596,1.52309,38
0.031788,-0.603228,1.56014,39
0.746228,-1.32373,0.733183,40
1.29667,1.0469,0.289968,41
0.263093,1.27677,1.11749,42
-1.30763,1.12005,0.167287,43
-1.01371,-0.713376,1.21691,44
1.46299,-0.38991,0.874244,45
1.63139,0.61588,0.172557,46
0.399495,-0.771476,1.52275,47
-1.11819,-1.20626,0.640932,48
-1.23507,1.103,0.770322,49
1.64005,-0.790409,0.332244,50
1.41148,1.00652,0.659971,51
-0.347455,0.461125,1.76387,52
-1.10128,-1.10808,1.05212,53
-1.16912,-1.44201,0.322186,54
0.608809,1.22235,1.30274,55
0.789138,-0.948309,1.4332,56
-0.275671,0.869512,1.65874,57
1.45065,-0.35698,1.19769,58
-0.940636,-0.60759,1.55745,59
-0.0614042,1.26755,1.43932,60
0.664258,-1.76033,0.415302,61
-0.637629,0.99228,1.55154,62
1.67757,0.844747,0.582525,63
1.65076,-0.776051,0.756184,64
-0.633498,-0.549227,1.79933,65
0.72253,-1.44141,1.16119,66
1.54761,-0.629045,1.09364,67
-0.409735,0.159008,1.95088,68
1.04387,1.13675,1.27304,69
-1.17062,-1.45273,0.854645,70
-1.10464,1.08143,1.3554,71
1.9757,-0.411797,0.466023,72
-0.452067,-0.220983,2.0166,73
1.76933,-1.07649,0.219943,74
1.39248,1.0613,1.14793,75
-0.917836,-1.86796,0.227786,76
-0.352514,-0.578151,1.98662,77
0.660941,-1.78644,0.896293,78
1.74952,-1.03294,0.561505,79
1.46237,-0.393784,1.47536,80
-1.14015,-1.68979,0.604128,81
-1.69265,1.19463,0.572202,82
0.287032,1.30384,1.6935,83
-2.01055,-0.605764,0.496263,84
-1.11591,-1.18445,1.43425,85
0.0992172,-0.176838,2.16277,86
-0.302381,0.0846961,2.14965,87
0.79151,-0.954285,1.78693,88
-0.0410334,-0.621375,2.08796,89
2.12567,0.467882,0.166691,90
0.20833,0.312271,2.16297,91
0.30711,-0.73769,2.0462,92
-0.296429,0.502823,2.12241,93
1.6334,-0.871967,1.20172,94
0.737055,-1.35043,1.59124,95
-2.08271,-0.380817,0.648881,96
0.876947,1.18653,1.69202,97
-0.266851,0.86586,2.05594,98
1.98562,-0.43211,0.966426,99
-1.06259,-0.914195,1.7611,100
1.57087,-0.699008,1.45584,101
0.567753,-0.327312,2.16249,102
-1.56291,1.1671,1.14362,103
0.648909,0.113501,2.16413,104
1.73824,0.987807,1.06947,105
-0.895728,-1.96905,0.692854,106
2.13936,0.524507,0.586772,107
2.10411,0.856973,0.206277,108
-1.16844,-1.63952,1.07465,109
-0.583324,-0.513637,2.16019,110
1.46156,-0.398025,1.74315,111
0.191398,0.808019,2.16465,112
0.656279,-0.768328,2.09262,113
1.82615,-1.14438,0.871384,114
-2.29383,-0.292246,0.283663,115
1.80387,-0.970452,1.12525,116
-1.01631,1.06275,1.81958,117
0.614707,-2.25193,0.158891,118
-0.0837419,1.27741,1.96405,119
-0.901235,-1.85365,1.11985,120
0.655301,0.648833,2.16509,121
-0.969948,-0.623454,2.05754,122
-0.66311,0.993897,2.04142,123
2.05099,0.858878,0.807297,124
0.582785,-2.22625,0.584862,125
-2.10947,-0.825548,0.730589,126
-2.10783,-1.03476,0.475799,127
1.02465,0.182415,2.16426,128
-2.13992,-1.07852,0.158967,129
2.13535,0.50248,0.995185,130
-0.996511,-2.21147,0.152377,131
0.644758,-1.8573,1.4507,132
1.49216,1.06044,1.62474,133
0.619356,1.19128,2.04973,134
1.06875,-0.437158,2.16171,135
-0.498318,0.0768176,2.39919,136
-1.16741,-1.64248,1.39885,137
0.248553,1.25075,2.10368,138
1.98773,-1.3794,0.451267,139
2.42147,0.365198,0.283809,140
1.58446,-0.74249,1.73787,141
-0.559613,-0.250775,2.40552,142
0.999129,-0.974711,2.05552,143
-2.13144,1.25382,0.341762,144
-1.45619,1.14885,1.69857,145
1.74273,-1.02913,1.51558,146
1.1229,0.685743,2.16376,147
0.582549,-2.18254,1.14679,148
2.03665,-0.316941,1.4774,149
1.00616,1.1154,2.07429,150
-0.936363,-1.79329,1.57251,151
-1.13122,-1.25649,1.93354,152
0.895236,-2.39984,0.281828,153
-2.44063,-0.403999,0.728476,154
-0.534516,0.414427,2.49162,155
-2.15976,-1.07356,0.921227,156
2.14629,0.491249,1.36467,157
2.03239,0.897354,1.33348,158
1.94571,-0.693579,1.57026,159
1.43524,-0.0980589,2.16127,160
0.67933,-1.67075,1.87381,161
-1.18477,-1.5572,1.73506,162
-0.438256,0.82996,2.44567,163
-2.11498,1.29445,0.86773,164
-0.794013,-0.5045,2.46967,165
0.854213,-1.35713,2.1116,166
1.93886,-1.78876,0.342348,167
2.53222,0.374393,0.774162,168
1.3551,-1.03349,2.06181,169
-2.4194,-0.817013,0.810747,170
1.93794,-1.27727,1.33985,171
-0.893588,0.00459603,2.53048,172
1.97344,-1.64207,0.811578,173
-0.925841,-2.19981,1.25572,174
1.50326,0.401965,2.20454,175
-1.09326,-1.04867,2.23346,176
1.39724,1.05373,2.05548,177
-1.16995,1.09345,2.20229,178
0.561468,-2.64758,0.338948,179
-2.48109,-1.07282,0.377589,180
1.69757,-1.05346,1.8694,181
-0.909451,0.488936,2.53657,182
2.69186,0.354654,0.386768,183
1.59704,-0.562842,2.16186,184
2.08936,0.585944,1.69009,185
-0.8904,-2.02092,1.64079,186
-2.039,1.28335,1.33751,187
-0.935641,-2.52718,0.618505,188
-2.39898,1.17839,0.711144,189
-0.0846722,-2.73674,0.391357,190
-2.70291,-0.235687,0.561376,191
-0.820825,0.914496,2.48515,192
-0.873773,-2.62013,0.25132,193
1.61419,0.596962,2.19748,194
1.70417,0.368728,2.19106,195
0.502702,-2.57948,0.99554,196
-2.45089,-1.09711,0.835494,197
2.52516,0.335781,1.19977,198
-0.9628,-2.46054,0.984964,199
-0.487004,-2.7351,0.506483,200
-1.12383,-0.747081,2.48229,201
1.97659,-1.62395,1.23082,202
-0.963116,-1.80788,1.96706,203
-1.25536,-0.307833,2.53332,204
0.312834,-2.74272,0.711331,205
2.03648,0.937836,1.76438,206
-1.32766,0.224576,2.53175,207
1.82947,-2.1739,0.496548,208
2.25672,0.343452,1.77105,209
2.79865,-0.652105,0.331829,210
2.87236,-0.241483,0.299074,211
-0.132664,-2.74296,0.939415,212
1.93704,-0.0119728,2.16224,213
-2.35332,1.18359,1.25829,214
1.82024,0.975401,2.07946,215
-1.17629,-1.60265,2.15904,216
-1.94198,1.24521,1.8186,217
0.544096,-2.39588,1.61324,218
-1.21485,0.898129,2.52367,219
-0.676045,-2.70016,0.954535,220
2.92121,0.210003,0.302508,221
1.95724,-1.29546,1.80039,222
1.35734,-1.5285,2.15022,223
0.634665,-2.09414,2.00454,224
-1.67265,1.19288,2.15201,225
1.85799,-2.0851,1.03616,226
0.932541,-1.84075,2.15383,227
2.84683,-0.549615,0.709089,228
-2.71115,1.21639,0.321309,229
2.91368,0.310976,0.662954,230
-2.72519,-0.921083,0.871265,231
2.93531,-0.0901706,0.649639,232
-0.949996,-2.31887,1.66927,233
2.07037,0.655779,2.09203,234
-1.25606,-1.14847,2.504,235
2.12572,-0.40723,2.12712,236
1.77369,-1.22358,2.1407,237
1.99351,-0.897535,2.11472,238
2.61306,0.361205,1.51832,239
-2.8447,-1.00226,0.48865,240
2.88125,0.290569,0.975962,241
-2.88283,-0.672585,0.759553,242
-1.60959,0.582642,2.53244,243
0.340524,-2.73977,1.31883,244
-1.72743,-0.228686,2.53294,245
1.97342,-1.64536,1.69148,246
-0.503684,-2.72867,1.33758,247
-1.63293,-0.684119,2.53246,248
-0.902038,-2.6094,1.40174,249
2.8388,-0.569809,1.11908,250
2.92447,-0.129613,1.04625,251
-0.111434,-2.73978,1.50365,252
-1.57732,1.07652,2.49489,253
1.75926,-2.50874,0.700803,254
-3.08149,-0.207319,0.618865,255
-0.920542,-2.1878,2.08557,256
-1.88603,0.218482,2.53429,257
-2.84071,1.24897,0.66263,258
1.87175,-2.04059,1.56745,259
-2.76625,1.24129,0.988605,260
2.35609,0.303115,2.12924,261
-2.82782,-1.48317,0.266557,262
-1.34599,-1.4828,2.51085,263
1.84385,-1.62233,2.09767,264
-0.915886,-1.93918,2.41613,265
-1.76253,-1.07943,2.53024,266
2.9167,-0.183861,1.46387,267
2.92407,0.256947,1.44798,268
-1.19502,-1.78262,2.4831,269
-0.5098,-2.69784,1.81346,270
0.259974,-2.75194,1.79174,271
2.50997,-0.194009,2.1469,272
1.76677,-2.48254,1.30428,273
2.84944,-0.548094,1.61012,274
-0.901056,-2.60171,1.853,275
1.69342,-2.83522,0.329155,276
-2.00851,0.838057,2.53215,277
2.75686,0.344957,1.85555,278
-3.33208,-0.114653,0.269375,279
-2.81278,1.24673,1.32411,280
-3.0856,-0.983194,0.876465,281
-2.22827,-0.147387,2.53345,282
0.907565,-2.43413,2.16166,283
1.33191,-2.23102,2.16235,284
1.74206,-2.01851,2.10238,285
-0.124778,-2.7002,2.0596,286
-3.23155,-1.01506,0.311462,287
2.46746,-0.965047,2.13412,288
-1.98261,1.2932,2.45092,289
0.524622,-2.65023,2.08981,290
-3.26888,-0.629676,0.766102,291
-2.20759,-0.661912,2.53283,292
-2.32021,0.44725,2.50183,293
1.69133,-2.88541,0.86105,294
-2.42731,1.84926,1.64912,295
-1.81672,-1.52564,2.53112,296
2.97079,0.0805302,1.79806,297
-2.34363,1.62315,1.99779,298
2.75238,-0.63466,2.09195,299
-2.42897,0.744175,2.47069,300
2.88606,-0.24948,2.0526,301
-0.917737,-2.6255,2.21148,302
-2.17422,-1.24202,2.53174,303
-0.519578,-2.62583,2.3565,304
-3.19374,1.48155,0.577536,305
1.75729,-2.44126,1.91871,306
-1.63146,-1.91615,2.52976,307
2.8631,0.190678,2.12643,308
-3.5063,-0.240575,0.665694,309
-2.5663,0.216058,2.49216,310
-0.988709,-2.83121,1.98559,311
-1.29279,-2.22191,2.52675,312
-1.90968,1.76704,2.5132,313
-3.41851,-0.922049,0.768601,314
1.87801,-3.07122,0.531918,315
1.71484,-2.93104,1.31243,316
-0.988857,-2.49126,2.47078,317
-2.88587,-2.19067,0.562911,318
-2.71879,0.471162,2.45578,319
-2.42183,1.18842,2.53282,320
-3.55683,1.04775,0.108741,321
-3.6181,0.742679,0.366169,322
2.02917,-3.10616,0.173122,323
-3.7036,0.0725859,0.347747,324
-2.72082,-0.253632,2.53295,325
-3.53881,1.08732,0.517273,326
0.22343,-2.82439,2.44304,327
-3.44371,1.45325,0.271956,328
-1.1125,-3.57381,0.308485,329
-2.75566,0.797671,2.45546,330
1.97532,-3.08664,0.945848,331
-2.56,-1.1855,2.53262,332
-2.05931,-1.93252,2.53071,333
0.203681,-3.78145,0.233834,334
0.732087,-2.88611,2.40018,335
1.7249,-2.92955,1.75227,336
-1.13583,-3.58933,0.675234,337
-0.232606,-2.88279,2.50447,338
-3.72822,0.5311,0.682686,339
-2.78383,-0.752845,2.53272,340
-2.96767,1.82219,1.61706,341
-1.72879,-2.33914,2.52489,342
-1.039,-3.1016,2.03941,343
-3.67711,-0.771384,0.864223,344
-2.4893,1.59142,2.49982,345
1.12792,-2.89191,2.31219,346
1.57169,-2.82375,2.13608,347
-0.756205,-2.84785,2.51833,348
-3.81713,0.0715385,0.709185,349
-3.53281,1.4728,0.70376,350
-3.30846,-1.96997,0.582383,351
-1.13317,-3.58335,1.02501,352
-2.3296,1.90354,2.47492,353
-3.79146,-0.826057,0.433755,354
-3.8181,-0.438167,0.788789,355
-3.21243,2.05586,0.920225,356
-2.44775,-1.7402,2.53199,357
-3.73003,0.995581,0.736846,358
0.606684,-3.88193,0.354163,359
-3.0553,0.251835,2.49806,360
-2.93049,1.73262,2.06452,361
-1.05622,-2.97416,2.43572,362
-3.07419,0.706881,2.44691,363
-1.13494,-3.57932,1.36176,364
2.13149,-3.11807,1.34071,365
2.2966,-3.20751,0.71343,366
-1.46223,-2.76841,2.52354,367
-2.89452,1.20439,2.53322,368
2.32902,-3.2943,0.300853,369
-3.06189,-2.69227,0.308567,370
-3.19097,-0.40868,2.53861,371
-1.1317,-3.57359,1.67343,372
-1.10131,-3.41919,2.02134,373
-1.19053,-3.94317,0.366461,374
-3.02634,-1.24386,2.53416,375
-2.03911,-2.58158,2.52513,376
0.156345,-4.13057,0.384447,377
1.04958,-3.99847,0.386699,378
-2.38729,-2.27519,2.5264,379
-3.48105,1.8219,1.37368,380
0.12961,-3.32697,2.5161,381
-2.88111,-1.647,2.53264,382
2.16782,-3.1315,1.73906,383
-2.74644,1.95808,2.48637,384
2.33306,-3.32343,1.12299,385
-3.83489,0.978764,1.44675,386
-4.13032,-0.822175,0.157266,387
0.603939,-3.33462,2.51599,388
1.52828,-3.935,0.241702,389
-1.20938,-3.96527,0.837832,390
-0.733679,-3.31787,2.52434,391
-2.99931,1.60029,2.53269,392
-3.95331,0.537552,1.47141,393
-1.10636,-3.32591,2.4248,394
-3.38446,0.875795,2.44981,395
-4.10922,-0.772152,0.885847,396
-3.81253,-1.84956,0.566203,397
1.5692,-3.11297,2.47567,398
-3.77968,1.4012,1.46282,399
1.06875,-3.31204,2.51634,400
1.9526,-3.09568,2.26428,401
-4.08787,-0.0492768,1.35296,402
-4.19313,0.508318,0.843947,403
-1.2057,-3.95962,1.23134,404
-3.50495,0.442804,2.48766,405
-3.13681,-2.94058,0.48941,406
-0.377002,-3.50377,2.51377,407
2.2933,-3.61741,0.644234,408
-4.1356,0.910542,0.920595,409
-4.02881,1.35337,0.857756,410
-3.37,-1.01783,2.53644,411
-3.85677,1.85455,0.783444,412
-1.89816,-2.99711,2.52048,413
-4.23582,-0.909679,0.577699,414
-2.91029,-2.06541,2.52876,415
-1.22009,-4.19827,0.133932,416
-1.16237,-3.75595,1.94985,417
-4.32336,-0.138161,0.748704,418
-3.58456,-0.00231714,2.53655,419
-4.2894,0.169229,0.934554,420
-3.65474,1.79553,1.68846,421
-4.08555,-0.0343362,1.67106,422
-3.73235,-2.29105,0.555905,423
-3.36269,1.34387,2.53392,424
-4.32574,-0.481499,0.82706,425
-1.20108,-3.95022,1.61575,426
-3.73772,2.1682,1.00046,427
-4.21776,-0.657359,1.22343,428
-3.90098,0.942515,1.90192,429
2.25458,-3.81785,0.297719,430
-3.63542,-0.543212,2.53721,431
0.633843,-4.40725,0.444751,432
-3.15295,1.98636,2.48418,433
-4.17507,-0.534839,1.53632,434
1.40203,-4.23473,0.466735,435
2.31189,-3.5239,1.54158,436
-4.04281,0.199635,1.97854,437
-3.97406,0.570546,2.05376,438
-0.012749,-4.49999,0.304402,439
1.81117,-4.11264,0.407726,440
-3.8103,1.37046,2.00978,441
-3.58149,1.81431,2.07843,442
-1.18288,-4.30448,0.734376,443
-4.06052,1.73601,1.03119,444
-1.59928,-3.41295,2.52399,445
-2.43731,-2.89018,2.52658,446
-1.12879,-3.67357,2.43192,447
-2.82252,-2.51954,2.52607,448
2.3268,-3.3699,1.99199,449
2.2522,-3.83483,0.998422,450
0.0465734,-3.81,2.51434,451
-0.908455,-4.45753,0.383055,452
-3.39869,-1.72481,2.53522,453
-4.45002,-0.303228,1.06859,454
-1.33888,-4.37286,0.42213,455
1.07548,-4.44444,0.45407,456
-4.17955,-0.562868,1.89039,457
-4.12444,-0.238959,2.07891,458
0.536847,-3.84385,2.51564,459
-4.37171,-1.0386,1.12176,460
1.42358,-3.63248,2.51755,461
2.26144,-3.25177,2.43384,462
0.291079,-4.64135,0.445037,463
-4.5274,-1.1082,0.392133,464
-1.27613,-4.38443,1.05874,465
-1.20384,-3.97567,2.178,466
2.14331,-4.13476,0.575551,467
-1.26786,-4.28334,1.4521,468
-3.85327,1.0224,2.48418,469
0.996307,-3.86555,2.51572,470
-4.29487,-0.984858,1.68984,471
-3.68598,1.59233,2.52009,472
-3.8717,-1.0628,2.53785,473
-0.777219,-3.95534,2.52078,474
-1.25161,-4.1971,1.87182,475
-4.07402,-0.234189,2.46274,476
-3.36155,-2.29165,2.49055,477
2.22494,-3.98161,1.40312,478
-3.50875,2.06406,2.49255,479
1.85191,-3.60582,2.52489,480
-2.20677,-3.40611,2.52611,481
1.7572,-4.42031,0.505331,482
-1.66015,-4.45636,0.57564,483
-3.93507,-2.74794,0.355531,484
-4.59897,-1.18026,0.807279,485
-0.353916,-4.0911,2.51709,486
-4.22925,-0.838944,2.15569,487
-1.99775,-4.37009,0.455338,488
-4.12095,-0.610266,2.46225,489
-4.16614,0.14682,2.46706,490
-3.81369,-1.5831,2.53808,491
-4.12309,0.529227,2.51323,492
-1.34044,-3.98661,2.49478,493
-1.00166,-4.72091,0.806248,494
0.955469,-4.79018,0.449987,495
-3.00836,-2.93819,2.52762,496
-0.931526,-4.81197,0.327174,497
1.45313,-4.6703,0.473881,498
-1.28419,-4.72935,0.371068,499
-1.36552,-4.68232,0.708242,500
2.25527,-3.67779,2.39252,501
-0.0754658,-4.92629,0.308113,502
-4.58899,-1.1429,1.45327,503
-4.17106,0.952788,2.48914,504
0.388288,-4.25384,2.51529,505
2.1422,-4.36492,0.976681,506
2.22142,-4.00002,1.92069,507
-4.06404,1.47686,2.49093,508
-1.91845,-3.88834,2.52565,509
-4.71903,-1.64879,0.464911,510
-1.33991,-4.64147,1.36743,511
0.42825,-5.00063,0.444916,512
1.99333,-4.59767,0.598644,513
-2.81819,-3.36229,2.52736,514
-3.44081,-2.77494,2.48531,515
-3.91111,2.0564,2.48894,516
-1.32181,-4.55982,1.79903,517
-1.28648,-4.41334,2.16132,518
-0.0398516,-4.41499,2.51567,519
-4.71207,-1.60034,1.0376,520
-4.55282,-1.10798,1.98516,521
-1.37306,-4.91512,0.175967,522
1.5055,-4.19325,2.51883,523
-1.24483,-4.31559,2.46928,524
-1.37192,-4.84284,1.03589,525
2.14242,-4.42024,1.52351,526
0.917051,-4.39788,2.51435,527
-4.43241,-1.07072,2.42073,528
-3.78391,-2.46541,2.53178,529
-4.70274,-1.54391,1.58237,530
2.11463,-4.07831,2.44943,531
1.66558,-4.90254,0.555383,532
0.838061,-5.13291,0.449438,533
-0.788907,-4.52634,2.51898,534
-2.00668,-4.82355,0.546024,535
-2.58001,-3.81553,2.52922,536
-4.24653,-1.78742,2.53853,537
-4.40777,-1.36077,2.53188,538
1.25042,-5.10031,0.470561,539
-4.80319,-2.08758,0.645211,540
-1.59714,-4.99564,0.656821,541
-4.0889,-2.20593,2.53444,542
-0.0539209,-5.30333,0.393844,543
-1.38637,-4.88867,1.5856,544
2.01113,-4.88427,0.788665,545
0.362254,-4.69857,2.51357,546
-4.68697,-1.46132,2.10445,547
-0.333716,-4.72436,2.51724,548
-3.48207,-3.25784,2.48873,549
2.06553,-4.82227,1.20838,550
-4.81327,-2.13678,1.13236,551
-1.67077,-5.05076,0.995292,552
-4.78842,-2.00009,1.5634,553
2.11465,-4.56528,2.03534,554
-1.81043,-4.4725,2.52371,555
-1.36919,-4.80391,2.178,556
-4.87638,-2.4743,0.393526,557
0.453195,-5.45324,0.448713,558
-1.35007,-4.71484,2.47475,559
-1.43414,-5.16096,1.22287,560
1.54038,-5.2523,0.527865,561
-2.31708,-4.31159,2.5283,562
2.01723,-4.48936,2.47985,563
-1.40466,-4.97923,1.93928,564
-4.77668,-1.93808,2.02222,565
2.05753,-4.86837,1.67287,566
1.20644,-4.7954,2.51517,567
-4.68323,-1.69692,2.45772,568
0.904822,-5.47494,0.465529,569
-1.50087,-5.31974,0.677271,570
-4.32283,-3.52851,0.275906,571
1.88396,-5.22625,0.638341,572
0.698367,-4.97393,2.51406,573
-3.32161,-3.77529,2.53113,574
-4.13556,-2.87903,2.53445,575
-0.253528,-5.66343,0.115922,576
-4.91375,-2.65637,0.984156,577
1.62266,-4.82737,2.52282,578
-1.4561,-5.23926,1.69414,579
-4.22855,-3.81531,0.175454,580
1.97316,-5.25669,0.995019,581
-2.95771,-4.16837,2.53224,582
-4.88574,-2.50355,1.58734,583
0.149916,-5.13165,2.51893,584
-0.905681,-5.06298,2.52156,585
-4.67532,-2.1702,2.50243,586
0.0470143,-5.7213,0.348347,587
-2.02607,-5.35504,0.579726,588
1.22328,-5.60811,0.478221,589
-0.399915,-5.16846,2.51992,590
-1.50818,-5.57313,0.150086,591
-1.62259,-5.47343,0.981332,592
1.616,-5.55086,0.492297,593
1.97965,-5.25193,1.4773,594
-4.97236,-2.97032,0.498603,595
-3.89831,-3.49955,2.53297,596
-4.86502,-2.40007,2.13309,597
0.416967,-5.83668,0.325867,598
-1.49411,-5.48157,1.46793,599
2.00195,-4.96098,2.42491,600
-1.46394,-5.27983,2.13651,601
-1.45463,-5.13516,2.46995,602
1.99318,-5.19425,2.01027,603
0.792154,-5.85956,0.385378,604
-2.83494,-5.20392,0.436766,605
1.01975,-5.29322,2.51472,606
1.86036,-5.60848,0.722763,607
-2.69504,-4.66862,2.52936,608
-1.56751,-5.71615,0.574778,609
-2.02829,-5.01519,2.52551,610
-4.74126,-2.68059,2.50849,611
-4.98303,-3.01287,1.49681,612
-4.66228,-3.80338,0.396325,613
-1.54042,-5.71175,1.21854,614
1.90683,-5.60517,1.21976,615
-5.02227,-3.22834,0.976056,616
-4.34141,-4.21824,0.223394,617
-4.96032,-2.8922,2.01227,618
0.634045,-5.50662,2.51661,619
1.10514,-5.9855,0.383037,620
-0.18964,-5.56246,2.52213,621
-4.981,-3.50946,0.493995,622
1.4245,-5.40133,2.52025,623
-4.4868,-3.34278,2.5363,624
-1.52735,-5.61322,1.99395,625
1.66005,-5.90445,0.516023,626
0.26567,-5.62902,2.52016,627
1.90534,-5.6198,1.71884,628
-0.893114,-5.57017,2.52241,629
-3.37735,-4.53045,2.53066,630
-1.55701,-5.77441,1.62682,631
-3.81386,-4.21773,2.53245,632
1.87729,-5.39645,2.47032,633
-1.52299,-5.54056,2.4611,634
-1.55507,-6.03796,0.822317,635
-4.2646,-3.86826,2.53475,636
1.8306,-5.94182,0.962821,637
-1.5432,-6.09271,0.362992,638
-2.6164,-5.15328,2.52687,639
-0.974783,-6.23428,0.571198,640
-0.585353,-6.30971,0.210651,641
-5.07868,-3.52533,1.44491,642
-4.95095,-3.17771,2.44796,643
1.89147,-5.70167,2.14149,644
-1.56969,-6.06683,1.20357,645
-1.04292,-6.22187,1.04623,646
-4.6527,-4.38097,0.308138,647
-0.351504,-6.35963,0.636257,648
-0.532435,-5.87009,2.52305,649
1.05049,-5.80895,2.51868,650
1.83164,-5.99293,1.44261,651
-5.12531,-3.77875,0.947998,652
-0.523226,-6.32785,1.12602,653
-5.07071,-3.47784,1.96718,654
-5.00375,-4.06847,0.620064,655
-1.14686,-6.20249,1.49077,656
0.175307,-6.47927,0.296641,657
-2.27775,-5.54706,2.52622,658
0.0612387,-6.01144,2.52239,659
0.149124,-6.47202,0.789184,660
-3.23605,-5.06941,2.52789,661
-1.60616,-6.13343,1.5696,662
1.68633,-6.30746,0.358816,663
-0.72553,-6.28838,1.66878,664
-0.077704,-6.41902,1.28923,665
-1.58144,-6.0557,1.97737,666
0.560913,-6.0367,2.52082,667
-1.59361,-5.9021,2.40746,668
1.73656,-5.83543,2.49769,669
1.76899,-6.30697,0.814395,670
-0.31574,-6.37141,1.71869,671
1.43549,-6.39976,0.798236,672
-1.09158,-6.21528,1.98367,673
1.81232,-6.10981,1.89578,674
0.4132,-6.5574,1.17997,675
0.675735,-6.62214,0.577796,676
-1.27451,-6.11256,2.43193,677
-1.72479,-6.44217,0.658744,678
-4.69323,-4.77774,0.327327,679
0.228669,-6.49648,1.66189,680
-5.17217,-4.02118,1.46616,681
-4.94228,-4.51687,0.521018,682
1.6984,-6.36921,1.29948,683
-2.15622,-6.36257,0.153536,684
-5.00991,-3.73586,2.47034,685
-0.928854,-6.19715,2.43223,686
-0.312591,-6.36746,2.14922,687
-4.65416,-4.17243,2.53907,688
-0.624988,-6.30488,2.33668,689
-4.2328,-4.61511,2.53325,690
-0.330953,-6.28199,2.49444,691
-1.72597,-6.45368,1.10363,692
1.36606,-6.1385,2.52337,693
1.24937,-6.66113,0.415516,694
0.112904,-6.45898,2.10239,695
-3.82211,-5.017,2.52969,696
-2.99313,-5.56998,2.52673,697
0.913744,-6.67047,1.05516,698
0.951226,-6.26817,2.52283,699
-2.06192,-6.00378,2.52502,700
-0.0360871,-6.41194,2.42681,701
-5.22466,-4.31059,1.0676,702
-5.17564,-4.03467,1.99041,703
1.31278,-6.65938,1.0888,704
-1.68865,-6.24463,2.3351,705
0.824533,-6.65609,1.56935,706
0.486185,-6.58374,2.00229,707
0.34606,-6.47191,2.42958,708
1.75609,-6.25725,2.39677,709
1.63915,-6.72681,0.562511,710
-1.76002,-6.71674,0.294231,711
-1.73508,-6.54953,1.7712,712
1.66405,-6.72027,1.11602,713
0.934833,-6.67973,2.03138,714
1.72419,-6.57384,1.87458,715
-5.25689,-4.6415,0.771877,716
-2.56208,-6.07216,2.52458,717
0.740632,-6.59074,2.44054,718
-1.7641,-6.74666,1.30061,719
1.48234,-6.76054,1.55927,720
-4.81654,-5.19713,0.366726,721
-5.26051,-4.49395,1.69822,722
-1.79521,-6.91779,0.65503,723
-5.18481,-4.34439,2.41793,724
-3.53748,-5.72029,2.52713,725
1.36988,-6.76513,1.99919,726
-4.61265,-5.50807,0.240306,727
1.22067,-6.65384,2.45991,728
-4.82577,-4.7231,2.53991,729
-5.16994,-5.00428,0.615053,730
-1.8731,-6.55482,2.46804,731
-3.05344,-6.10671,2.52434,732
-3.75309,-6.23466,0.322188,733
1.63529,-6.68376,2.39592,734
-4.53165,-5.14155,2.53684,735
-5.32688,-4.84665,1.2618,736
-4.04526,-5.54328,2.53097,737
-1.78391,-6.8273,2.12137,738
-1.82608,-7.09319,1.04361,739
-1.81211,-7.01316,1.62048,740
-1.86444,-7.22027,0.201645,741
-5.33452,-4.87016,1.95643,742
-2.33697,-6.67195,2.52445,743
-5.19153,-5.45256,0.416682,744
-3.41523,-6.70737,0.566827,745
-5.26995,-4.92977,2.45477,746
-2.78158,-6.63491,2.52342,747
-5.41193,-5.32843,0.867035,748
-1.95558,-7.36492,0.748662,749
-3.43052,-6.36513,2.52638,750
-4.65793,-5.58453,2.53518,751
-1.94175,-7.03648,2.46112,752
-5.41564,-5.29851,1.48653,753
-3.87828,-6.65548,0.591119,754
-3.95344,-6.1448,2.52931,755
-2.29945,-7.38965,0.420748,756
-1.98495,-7.37589,1.33709,757
-1.93888,-7.34718,1.82258,758
-2.39547,-7.37097,1.04874,759
-2.78636,-7.29737,0.552998,760
-4.27332,-6.55158,0.563189,761
-4.43441,-6.02761,2.53072,762
-2.77688,-7.30046,1.25762,763
-5.43445,-5.38553,2.04999,764
-3.2066,-6.79485,2.52597,765
-5.24265,-5.40577,2.51344,766
-3.34505,-7.18985,0.445134,767
-1.96906,-7.35605,2.26309,768
-2.4068,-7.37039,1.79188,769
-3.19179,-7.23103,0.924919,770
-2.84863,-7.28728,1.78424,771
-3.73588,-7.08136,0.706277,772
-5.51427,-5.82653,0.607953,773
-2.35502,-7.29914,2.43448,774
-3.24776,-7.22201,1.47581,775
-3.80897,-6.66542,2.52713,776
-5.5109,-5.79988,1.20133,777
-3.62175,-7.15375,1.10959,778
-2.75985,-7.23064,2.40768,779
-3.16383,-7.23175,2.06558,780
-4.99203,-5.94111,2.5342,781
-4.06222,-7.05843,0.879155,782
-3.75524,-7.12833,1.57011,783
-5.5164,-5.81792,1.76525,784
-4.97174,-6.49625,0.773252,785
-3.53616,-7.17199,1.91908,786
-4.93881,-6.57313,0.168757,787
-4.39382,-6.47955,2.52848,788
-3.19715,-7.17278,2.46424,789
-4.10783,-7.06027,1.34876,790
-4.39992,-6.99611,0.670981,791
-3.59089,-7.10386,2.37812,792
-4.57928,-6.94522,0.228301,793
-5.47199,-5.8146,2.41098,794
-5.52041,-6.29048,0.225977,795
-4.0609,-7.06885,1.92464,796
-4.50509,-6.97964,1.09577,797
-4.85461,-6.81263,0.501155,798
-4.82586,-6.81359,0.902384,799
-3.95004,-7.05247,2.35217,800
-4.93379,-6.70769,1.2827,801
-5.24003,-6.59085,0.340956,802
-5.48983,-6.38157,0.562314,803
-4.52167,-6.97329,1.49623,804
-4.91627,-6.39016,2.52929,805
-5.52113,-6.3387,0.869112,806
-5.24025,-6.56063,1.00212,807
-4.27172,-6.91428,2.48837,808
-4.5069,-6.97806,1.84319,809
-5.57143,-6.36847,1.25176,810
-5.54809,-6.31376,1.63528,811
-4.48461,-6.97084,2.16782,812
-5.59205,-6.20568,2.09804,813
-5.3047,-6.68222,1.3,814
-4.99574,-6.8552,1.66264,815
-5.45041,-6.25732,2.50575,816
-4.74158,-6.8485,2.46722,817
-5.05608,-6.86008,2.06165,818
-5.19337,-6.76255,2.45801,819
-5.56097,-6.72577,1.61972,820
-5.58286,-6.69441,2.04729,821
-5.58022,-6.64437,2.43594,822
Free Nodes:201
0.194049,0.0270722,-0.158898,0
-0.147689,-0.460466,-0.110369,1
-0.340568,0.442371,0.0327757,2
-0.543874,0.08298,-0.159599,3
0.015226,0.558588,-0.147809,4
0.34032,-0.564457,-0.0662122,5
-0.62034,-0.332269,-0.128638,6
0.451043,0.592383,-0.069075,7
0.788394,-0.0869197,-0.15804,8
-0.722178,0.49525,-0.154936,9
-0.354401,0.830237,-0.0528024,10
0.769061,-0.734029,-0.10606,11
1.08867,0.300831,-0.158342,12
0.966282,0.615325,-0.102884,13
-1.11899,-0.308464,-0.136387,14
-1.15612,0.303405,-0.160845,15
-0.902855,0.986258,-0.0575062,16
1.351,-0.234144,-0.131853,17
-1.12061,-0.838997,-0.0829217,18
0.862332,-1.19737,-0.086496,19
1.20188,-0.889832,-0.149171,20
1.48655,0.414101,-0.116264,21
-1.49396,-0.548396,-0.145916,22
-1.38586,0.797736,-0.157959,23
-1.61475,-0.0439868,-0.16325,24
1.36014,0.943084,-0.107401,25
1.53864,-0.667208,-0.0780109,26
-1.22497,-1.32039,-0.0984247,27
-1.77113,0.416205,-0.162632,28
-1.57659,-0.974213,-0.147579,29
0.738726,-1.73167,-0.0697116,30
1.68669,-1.00398,-0.0811378,31
1.15647,-1.5958,-0.143988,32
1.97434,-0.151888,-0.0179865,33
-1.93114,-0.459295,-0.0447194,34
1.91864,-0.612945,0.0311143,35
2.02222,0.18549,-0.0681991,36
1.48414,-1.39043,-0.139481,37
-1.1749,-1.69918,0.0925299,38
-1.75432,1.13275,-0.0732023,39
-1.99298,-0.814163,-0.0494016,40
-2.18865,-0.226542,-0.105292,41
-1.93219,-1.19914,-0.144826,42
-2.16294,0.742856,-0.165583,43
-1.6769,-1.57079,-0.152607,44
-2.28799,0.222018,-0.165642,45
-1.35194,-1.90344,-0.0405339,46
0.755145,-2.22997,-0.0913543,47
1.93822,-1.35469,-0.0455355,48
1.24527,-2.00544,-0.147065,49
2.4859,-0.220283,-0.100666,50
1.89098,-1.70485,-0.0860684,51
-2.28071,1.19264,-0.0459266,52
-2.62264,-0.199438,-0.023798,53
-2.37454,-1.18016,-0.100883,54
2.6445,0.285465,-0.0110012,55
-1.36152,-2.29452,-0.0367664,56
1.75128,-2.01754,-0.104021,57
-2.19179,-1.5313,-0.150412,58
1.08254,-2.45192,-0.143043,59
2.70801,-0.506929,-0.0193037,60
-1.78324,-2.11455,-0.149906,61
0.701885,-2.68162,-0.0675515,62
2.77832,-0.0433022,-0.0235361,63
-1.04994,-2.57771,-0.113005,64
-2.68127,0.747185,-0.166933,65
-2.77316,0.268877,-0.166614,66
0.224506,-2.79456,-0.0335871,67
1.42805,-2.42547,-0.148517,68
-0.590773,-2.77739,-0.0629318,69
-0.198322,-2.84186,-0.0822695,70
-2.7185,-1.06657,0.00671394,71
-2.19578,-1.92742,-0.15084,72
1.77401,-2.39115,0.0423096,73
-3.02644,-0.13714,-0.0299594,74
-2.79313,1.19008,-0.0751085,75
-2.71139,-1.53837,-0.132645,76
1.12363,-2.93632,-0.153072,77
-1.73883,-2.63254,-0.150031,78
0.491918,-3.13242,-0.154213,79
-0.836276,-3.0852,-0.152364,80
1.61705,-2.77245,-0.0957075,81
-3.17504,0.56349,-0.166007,82
-1.42565,-2.93556,-0.150762,83
-2.20314,-2.42049,-0.149951,84
-3.28904,0.124485,-0.162738,85
-3.15921,-1.07486,-0.0975592,86
-2.69057,-2.00841,-0.124711,87
-3.21102,1.0203,-0.165691,88
0.00278946,-3.37243,-0.153618,89
0.892477,-3.36763,-0.155765,90
-0.529705,-3.49143,-0.14954,91
1.73636,-3.09807,-0.0851098,92
-1.07163,-3.46636,-0.0977635,93
1.3898,-3.35256,-0.153071,94
-3.57183,0.73551,-0.0825597,95
0.499282,-3.63331,-0.13942,96
-3.67872,0.0120939,-0.0627926,97
-2.30251,-2.88118,-0.152837,98
-3.67784,0.379968,-0.0270574,99
-2.73146,-2.49699,-0.123913,100
-3.43773,1.39041,-0.0984467,101
-3.59559,-0.974912,0.0391713,102
-3.45446,-1.42176,-0.0877042,103
-1.58031,-3.38506,-0.150934,104
-3.23802,-1.89262,-0.150823,105
-2.05957,-3.23657,-0.153102,106
-0.0228419,-3.8943,-0.0980588,107
1.12507,-3.74876,-0.134432,108
-1.30405,-3.70677,0.00413477,109
1.86461,-3.4587,-0.151049,110
-0.923979,-3.84151,-0.136705,111
2.2532,-3.25833,-0.0888352,112
-3.21756,-2.46892,-0.139983,113
-2.82926,-2.99712,-0.138155,114
1.64494,-3.80188,-0.149119,115
-0.4777,-4.1435,-0.154394,116
-1.85715,-3.77486,-0.152667,117
-1.49965,-3.98797,-0.0875702,118
-3.64171,-2.24686,-0.149444,119
2.21588,-3.67511,-0.0869738,120
-2.29711,-3.69467,-0.153895,121
-0.920453,-4.25975,-0.141032,122
-0.0847758,-4.36912,-0.0821813,123
-2.64671,-3.48746,-0.154307,124
-3.9645,-1.86858,-0.132816,125
-3.32474,-3.00526,-0.13672,126
2.10792,-4.045,0.00402239,127
-1.2988,-4.37552,-0.101474,128
-4.4385,-1.12631,-0.0456434,129
-3.75019,-2.70781,-0.133271,130
-0.750325,-4.64688,-0.155231,131
-3.08862,-3.55637,-0.154181,132
-2.22159,-4.15794,-0.152805,133
-1.86303,-4.34575,-0.0912489,134
-4.47821,-1.62113,-0.125673,135
-1.41969,-4.55307,0.0397625,136
-4.15183,-2.3775,-0.116599,137
-0.230311,-4.81213,-0.114811,138
-4.65082,-1.34284,0.0655754,139
-2.66261,-4.10936,-0.152605,140
-3.84345,-3.13851,-0.144604,141
-1.28374,-4.83188,-0.115423,142
-3.54488,-3.5654,-0.152007,143
-4.64507,-2.0232,0.0154023,144
-1.82201,-4.78736,-0.104061,145
-0.814859,-5.09594,-0.147769,146
-3.13227,-4.15357,-0.151061,147
-2.31941,-4.66188,-0.151463,148
-4.30136,-2.97902,-0.145174,149
-0.268605,-5.28386,-0.0825301,150
-4.76274,-2.36526,-0.0755517,151
-1.52592,-5.20503,-0.0982757,152
-4.22061,-3.41304,-0.108406,153
-2.86056,-4.62099,-0.150332,154
-3.59143,-4.10581,-0.147009,155
-3.99259,-3.71936,-0.142867,156
-2.29979,-5.13604,-0.142716,157
-4.88449,-2.83178,-0.0292475,158
-0.946912,-5.58614,-0.153411,159
-4.63115,-3.36258,0.0588042,160
-3.3389,-4.65991,-0.149174,161
-2.84451,-5.06051,-0.130068,162
-4.17211,-4.1514,-0.108035,163
-4.94261,-3.22369,0.0055209,164
-1.46666,-5.71741,-0.11209,165
-3.80898,-4.52966,-0.142411,166
-1.94762,-5.60531,-0.147638,167
-2.33298,-5.56316,-0.106609,168
-1.04437,-6.15102,-0.0527465,169
0.798594,-6.20795,-0.156441,170
-1.63091,-6.05136,-0.047775,171
0.263175,-6.26097,-0.140694,172
-3.35704,-5.29499,-0.148347,173
-0.200028,-6.28804,-0.0682966,174
-4.29562,-4.63622,-0.0221211,175
-3.86392,-5.04472,-0.14285,176
-2.86492,-5.6829,-0.145805,177
-2.29445,-6.09858,-0.150024,178
1.2942,-6.45186,-0.0739706,179
0.794501,-6.61628,0.000552888,180
-4.41415,-5.0239,0.0793141,181
1.59642,-6.64016,-0.0981369,182
-3.80649,-5.67512,-0.146826,183
-3.35542,-6.01232,-0.146865,184
-4.33849,-5.36184,-0.110442,185
-2.83394,-6.58454,-0.139337,186
-2.04787,-6.94878,-0.136329,187
-4.36564,-5.91735,-0.150586,188
-3.88404,-6.35952,-0.142667,189
-2.28652,-7.30672,-0.0768678,190
-2.88,-7.18835,-0.0450119,191
-4.93904,-5.99438,-0.154801,192
-3.45297,-6.96354,-0.0586897,193
-4.49228,-6.41036,-0.156673,194
-5.45887,-5.82441,0.0103365,195
-3.92072,-7.00872,0.0604541,196
-4.28586,-6.82558,-0.094161,197
-5.12335,-6.39239,-0.0758623,198
-5.48223,-6.21599,-0.0914578,199
-4.76665,-6.78798,-0.0829618,200
