Clusters: 1601
Codebook: x,y,z,label
Occupied Nodes: 492
-0.113196,-0.61776,0.314535,0
0.299003,-0.608813,0.264936,1
0.0816086,-0.613513,0.422957,2
0.353522,0.615982,0.285225,3
0.348393,-0.605994,0.494914,4
0.575609,-0.600899,0.251777,5
0.435496,0.728489,0.398071,6
0.581883,-0.598096,0.549513,7
0.344109,0.738572,0.580054,8
0.558765,0.735902,0.511988,9
0.765973,-0.593779,0.452545,10
0.877152,-0.597819,0.258335,11
0.593971,0.893413,0.304836,12
0.884291,-0.594061,0.610042,13
0.554867,0.999649,0.633661,14
0.989162,-0.80173,0.49701,15
0.607048,1.15565,0.49319,16
1.42762,-0.141757,0.342253,17
0.421013,1.25913,0.647304,18
1.50108,-0.104358,0.322669,19
1.4155,-0.137585,0.602871,20
0.602984,1.37552,0.433039,21
0.533648,1.40831,0.630632,22
0.670403,1.47171,0.279499,23
1.66388,-0.0830894,0.358851,24
1.65738,-0.188658,0.442439,25
0.724524,1.48954,0.512666,26
1.66335,-0.144497,0.483542,27
1.70408,-0.096743,0.342253,28
0.636928,1.4976,0.649023,29
1.60666,-0.165019,0.700896,30
1.70078,-0.308372,0.363233,31
0.638926,1.64277,0.354664,32
0.503624,1.61828,0.672265,33
1.78299,-0.548763,0.271338,34
1.75593,-0.658467,0.294739,35
0.777902,1.65426,0.680758,36
1.80449,-0.208413,0.754314,37
0.881545,1.77138,0.428564,38
1.91614,-0.351625,0.755152,39
2.02069,-0.580546,0.264519,40
0.896605,1.93879,0.595314,41
2.49368,-0.0521053,0.346169,42
2.49133,-0.272967,0.378732,43
0.785665,2.40203,0.320039,44
0.851037,2.33095,0.584102,45
0.855935,2.40777,0.316473,46
2.53018,-0.32591,0.355701,47
2.49916,-0.288566,0.617875,48
0.892357,2.43609,0.458002,49
2.18986,1.49074,0.362308,50
2.21106,1.58621,0.29593,51
0.81256,2.61653,0.363119,52
2.69458,-0.45811,0.559067,53
0.943663,2.54151,0.697675,54
2.34485,1.4736,0.512935,55
0.89195,2.66149,0.324121,56
2.79087,-0.386902,0.266114,57
2.39153,1.49453,0.740299,58
0.366651,2.8783,0.337152,59
2.58426,1.4178,0.21468,60
2.6035,1.44318,0.32783,61
2.99571,-0.0643494,0.333985,62
0.91838,2.79097,0.70056,63
0.832938,2.89539,0.291497,64
2.1756,2.09089,0.299471,65
2.70839,1.36044,0.243414,66
2.08905,2.08682,0.745407,67
0.301855,3.02355,0.334717,68
2.14885,2.1465,0.39431,69
0.561713,3.00509,0.210428,70
2.68174,1.41215,0.653475,71
2.57627,1.73077,0.373546,72
0.145235,3.12667,0.274727,73
0.812532,3.00865,0.456998,74
3.11962,0.118766,0.520934,75
3.11479,0.0515838,0.6235,76
0.762486,3.05175,0.463842,77
2.85207,1.3896,0.35464,78
3.18515,0.105166,0.470174,79
3.19527,0.043285,0.465473,80
2.92908,1.38094,0.267876,81
2.69385,1.89217,0.239425,82
0.948831,3.1241,0.510748,83
1.12895,3.05061,0.740915,84
3.27977,0.0166768,0.675481,85
1.01641,3.1514,0.502673,86
3.38223,-0.0512821,0.481135,87
0.861018,3.28893,0.367657,88
0.866353,3.30589,0.230944,89
1.17398,3.13697,0.748087,90
3.09268,1.41238,0.60328,91
1.24294,3.14272,0.7427,92
3.40478,-0.05543,0.659763,93
1.0382,3.26422,0.55145,94
3.17755,1.4241,0.648628,95
3.20825,1.39468,0.599753,96
3.63747,-0.144715,0.326983,97
3.66569,0.276379,0.460598,98
3.33071,1.47447,0.747421,99
3.32781,1.70866,0.393282,100
3.36614,1.69158,0.394976,101
3.37938,1.69569,0.404532,102
3.76159,0.279837,0.555566,103
0.951201,3.64673,0.68442,104
3.85998,0.214579,0.386513,105
3.45334,1.78508,0.426409,106
3.50342,1.71321,0.405022,107
3.54193,1.70714,0.418944,108
3.64962,1.41165,0.696772,109
3.96228,0.264379,0.427706,110
3.99517,0.260405,0.702593,111
3.60973,1.82444,0.428257,112
3.56336,2.06579,0.43821,113
0.812375,4.06439,0.46523,114
3.50813,2.1467,0.708779,115
0.440287,4.14788,0.26386,116
0.400689,4.16261,0.320907,117
3.93987,1.42271,0.431758,118
0.88801,4.11302,0.479915,119
4.21289,-0.348778,0.506965,120
4.00738,1.40335,0.370249,121
1.03675,4.10823,0.489732,122
4.21085,0.138922,0.740333,123
4.25289,-0.103034,0.556083,124
3.71307,2.06932,0.711125,125
3.92484,1.78952,0.23904,126
1.64385,4.02044,0.250947,127
1.76775,3.97602,0.318584,128
2.32728,3.62841,0.679115,129
2.16168,3.77555,0.342787,130
2.10268,3.76535,0.69562,131
1.71837,3.98306,0.582897,132
2.51573,3.58532,0.428673,133
1.69798,4.05445,0.320571,134
2.18704,3.81897,0.321518,135
4.05172,1.73767,0.24099,136
2.49023,3.625,0.457619,137
1.90245,3.94464,0.628842,138
1.83651,4.00872,0.396061,139
2.3046,3.76409,0.363414,140
1.7168,4.04035,0.595312,141
2.43968,3.68399,0.524881,142
4.45307,-0.313062,0.472863,143
2.02846,3.98949,0.475424,144
1.95495,4.06608,0.241975,145
1.95461,4.06618,0.545209,146
4.00583,2.06492,0.712718,147
4.07643,2.03936,0.319346,148
4.07052,2.05151,0.603998,149
1.13847,4.45818,0.452163,150
4.10385,2.06245,0.660376,151
2.34325,4.00978,0.384711,152
1.07323,4.52628,0.305416,153
1.50821,4.40679,0.36581,154
1.05965,4.54196,0.452085,155
1.16855,4.54107,0.254561,156
1.45334,4.46584,0.398428,157
2.45848,4.015,0.4018,158
1.33266,4.51421,0.432097,159
2.35414,4.08972,0.417744,160
4.47603,1.5898,0.286635,161
2.39324,4.21184,0.227822,162
4.36524,2.03729,0.706424,163
2.36858,4.24135,0.416998,164
2.35624,4.26725,0.217908,165
3.17304,3.70915,0.445911,166
4.68201,1.47521,0.226236,167
3.16919,3.72238,0.508752,168
2.4297,4.25348,0.419507,169
3.04897,3.84481,0.360252,170
2.27929,4.34612,0.356216,171
4.59159,1.76618,0.231057,172
4.68524,1.55958,0.399486,173
4.72265,1.60285,0.344189,174
4.74321,1.58032,0.337281,175
3.13382,3.91521,0.356941,176
3.59569,3.60893,0.391894,177
3.57334,3.64365,0.261264,178
4.71034,1.96847,0.275837,179
4.67169,2.0224,0.645667,180
4.90091,1.47361,0.381978,181
4.79487,1.82842,0.317142,182
3.63622,3.59839,0.629623,183
2.74004,4.36865,0.35891,184
4.80452,1.89876,0.343927,185
5.21068,0.28015,0.295187,186
4.82885,1.92918,0.551096,187
3.80607,3.64078,0.407925,188
5.28842,0.30302,0.298722,189
3.94147,3.53342,0.399996,190
3.94289,3.52084,0.527686,191
3.86067,3.63346,0.416244,192
4.97121,1.95221,0.283283,193
5.3521,0.111224,0.230934,194
5.33808,0.112232,0.586619,195
5.37175,0.10909,0.406055,196
4.11846,3.47092,0.419692,197
5.03264,1.93254,0.447264,198
5.04449,1.91789,0.425339,199
4.13439,3.49603,0.443063,200
5.0696,1.93813,0.315518,201
5.10803,1.89646,0.495198,202
5.25059,1.50366,0.428044,203
4.22291,3.472,0.655188,204
5.26064,1.69047,0.238369,205
5.49656,0.0999417,0.622537,206
5.21528,1.92871,0.311328,207
5.26837,1.72981,0.572231,208
4.03105,3.83264,0.411752,209
5.25748,1.88388,0.383183,210
5.19833,1.98454,0.623356,211
5.29371,1.92111,0.294123,212
5.30257,1.94638,0.248154,213
5.3073,1.9365,0.406453,214
5.29074,1.96106,0.595425,215
5.37525,1.92718,0.402166,216
5.81719,0.451902,0.275452,217
5.80274,0.453258,0.534116,218
5.8295,0.620282,0.42326,219
5.84603,0.425335,0.735313,220
4.88348,3.52304,0.473372,221
4.99254,3.38172,0.416388,222
6.06173,0.449501,0.480396,223
6.07015,0.604864,0.234338,224
5.3802,2.85568,0.447296,225
5.06221,3.40998,0.435436,226
6.09141,0.418511,0.718948,227
5.39744,2.92181,0.389254,228
5.4089,2.89877,0.440916,229
5.11937,3.37624,0.554485,230
6.18036,0.446192,0.316715,231
4.97682,3.72446,0.421,232
5.39527,3.09533,0.37726,233
5.33759,3.23246,0.31786,234
6.23959,0.554351,0.308645,235
5.40658,3.21871,0.41901,236
6.28904,0.592802,0.474825,237
6.28098,0.408907,0.767228,238
5.40295,3.2806,0.526005,239
6.30513,0.552282,0.625118,240
5.40876,3.3437,0.312822,241
5.1196,3.88028,0.241071,242
6.374,-1.03762,0.380107,243
6.46864,0.125249,0.447351,244
6.46091,0.543958,0.427873,245
6.47599,0.455559,0.736719,246
5.89383,2.9246,0.462675,247
6.68657,-0.322447,0.507162,248
6.71084,-0.128408,0.532163,249
6.73546,-0.335645,0.249719,250
6.05445,2.92306,0.712183,251
6.75848,-0.19593,0.440347,252
6.74838,-0.489803,0.515295,253
6.12051,3.01813,0.494537,254
6.81257,-0.398897,0.501829,255
6.14676,3.09054,0.660914,256
6.14814,3.16233,0.616702,257
6.17316,3.16228,0.480329,258
6.95504,-0.282917,0.489827,259
6.99484,-0.238219,0.539898,260
6.13288,3.40039,0.488091,261
6.15333,3.36101,0.678542,262
6.97974,-1.11888,0.304403,263
6.12769,3.69939,0.476693,264
7.09951,-1.0031,0.348502,265
6.1326,3.73728,0.32448,266
6.11786,3.79179,0.487707,267
7.24568,-0.450636,0.31614,268
7.28752,-0.115157,0.230216,269
7.29483,-0.460755,0.261332,270
6.15172,3.95231,0.375484,271
7.35368,-0.160152,0.236689,272
7.3615,-0.471235,0.521169,273
6.43809,3.79021,0.247963,274
6.19411,4.18216,0.308595,275
7.48232,-0.384582,0.310389,276
6.4558,3.80931,0.259372,277
7.57636,-0.423641,0.277696,278
7.58662,-0.104438,0.366806,279
6.61478,3.77321,0.4846,280
7.61581,-0.437457,0.360776,281
7.64555,-0.0950018,0.332954,282
7.66217,-0.484866,0.586882,283
7.67592,-0.174713,0.588289,284
7.51438,2.05703,0.238822,285
7.64228,1.50421,0.327339,286
7.80056,-0.435864,0.200666,287
7.80994,-0.15625,0.544362,288
7.63495,1.71941,0.441555,289
6.95756,3.64922,0.470701,290
7.85004,-0.4825,0.368132,291
7.85016,-0.453138,0.598952,292
7.90725,-0.271588,0.25869,293
7.7753,1.55439,0.606591,294
7.73289,1.89193,0.300442,295
7.95942,-0.258878,0.344451,296
7.98515,-0.422109,0.353505,297
7.76791,1.98285,0.320974,298
8.02778,-0.207471,0.323454,299
8.02784,-0.250426,0.420468,300
8.03691,-0.435707,0.586671,301
7.9384,1.53054,0.257398,302
8.10112,-0.150762,0.245417,303
8.08297,-0.343487,0.565126,304
7.2616,3.62853,0.224718,305
7.94059,1.62457,0.67693,306
7.2385,3.69005,0.547863,307
7.32303,3.70138,0.432901,308
7.94523,2.08596,0.371983,309
8.20884,-0.666638,0.53223,310
7.98437,2.12725,0.313734,311
8.24251,-0.596853,0.397624,312
8.13229,1.51431,0.293401,313
8.24766,-0.647265,0.446127,314
7.40392,3.65522,0.70026,315
7.99388,2.16026,0.379542,316
8.1443,1.47212,0.674551,317
8.08646,1.79311,0.700907,318
8.22218,1.22249,0.508775,319
7.35698,3.90048,0.304724,320
8.25021,1.23143,0.521221,321
7.60366,3.47343,0.706546,322
8.09489,2.20751,0.33842,323
8.37758,-0.56056,0.549804,324
8.37983,-0.570732,0.538409,325
8.3463,1.18976,0.47619,326
7.64665,3.55217,0.482167,327
8.43232,-0.564931,0.220812,328
8.14043,2.20408,0.677558,329
8.2983,1.62487,0.391365,330
8.19542,2.11021,0.498944,331
8.47118,-0.182885,0.480005,332
8.50002,-0.0919707,0.346177,333
8.40766,1.15028,0.633705,334
8.50752,-0.253238,0.589906,335
8.51156,-0.57168,0.234223,336
8.39785,1.47119,0.49055,337
7.70821,3.77679,0.234553,338
8.54787,1.16898,0.530726,339
8.3235,2.23426,0.702357,340
8.46968,1.82912,0.392193,341
7.81359,3.75772,0.502637,342
8.66249,-0.184255,0.632743,343
8.44787,1.98395,0.424394,344
8.43986,2.03,0.401925,345
8.59958,1.13796,0.557786,346
8.67495,-0.57195,0.474452,347
8.6858,-0.536876,0.432041,348
8.70493,-0.545305,0.254409,349
7.90417,3.63436,0.69566,350
8.44588,2.19034,0.434636,351
8.72991,-0.18064,0.503378,352
8.72809,-0.12661,0.595341,353
7.93215,3.73362,0.227355,354
7.97305,3.67877,0.390197,355
8.80816,-0.123091,0.35408,356
7.98724,3.67657,0.669181,357
7.99388,3.70674,0.402089,358
8.81858,-0.127086,0.391398,359
8.80933,-0.462183,0.38774,360
8.55933,2.16535,0.460602,361
8.82283,-0.483097,0.35461,362
8.8372,-0.205444,0.649668,363
8.0694,3.66382,0.202086,364
8.76084,1.25367,0.565411,365
8.00446,3.82719,0.542012,366
8.87282,-0.202606,0.513453,367
8.14752,3.60658,0.252917,368
8.61228,2.20947,0.661223,369
8.89872,-0.48315,0.590918,370
8.65432,2.16111,0.462757,371
8.07508,3.82663,0.416346,372
8.189,3.6734,0.356354,373
8.17776,3.69257,0.475261,374
8.90827,1.24592,0.444668,375
9.03712,-0.222067,0.580174,376
8.30569,3.60281,0.365063,377
8.2861,3.6602,0.341311,378
8.23427,3.76198,0.560232,379
9.05952,-0.417903,0.293393,380
8.98475,1.14315,0.636347,381
8.99458,1.19373,0.460381,382
8.34951,3.59643,0.284988,383
9.09672,-0.217112,0.42631,384
9.11,-0.21302,0.314016,385
8.17755,4.0441,0.408244,386
9.05073,1.14566,0.62919,387
8.35467,3.71636,0.393704,388
8.33986,3.76126,0.452007,389
8.40482,3.6399,0.417337,390
9.05974,1.46525,0.459237,391
8.37347,3.85026,0.527875,392
8.47683,3.68675,0.224096,393
8.4632,3.6851,0.581756,394
9.17515,1.09067,0.542288,395
8.47132,3.68557,0.633493,396
8.50019,3.66786,0.345929,397
9.24405,-0.315532,0.562934,398
8.52385,3.63016,0.213011,399
8.50942,3.62879,0.632236,400
8.52113,3.68789,0.416025,401
8.3447,4.10125,0.473483,402
9.23682,1.16637,0.460915,403
8.38165,4.0562,0.456069,404
9.24108,1.12992,0.579192,405
8.58588,3.6328,0.420432,406
8.58806,3.66973,0.20039,407
9.37429,0.121619,0.371661,408
9.35334,0.685554,0.378334,409
9.36687,0.0618493,0.619461,410
8.64227,3.68502,0.237222,411
9.3943,0.0700736,0.400272,412
9.07151,2.49737,0.265876,413
9.41353,0.401969,0.262859,414
9.31947,1.39268,0.482448,415
9.12804,2.45381,0.260965,416
8.73008,3.6262,0.241353,417
8.72204,3.62723,0.578497,418
8.71784,3.67841,0.553825,419
9.46414,0.373993,0.466196,420
9.16461,2.40447,0.570644,421
9.26045,2.16138,0.30854,422
9.14136,2.62906,0.258095,423
9.13304,2.66027,0.248426,424
9.51271,-0.336235,0.218527,425
9.45533,0.878272,0.756923,426
9.18184,2.50716,0.435885,427
9.47419,1.06797,0.33978,428
8.80008,3.67804,0.241972,429
9.29692,2.11878,0.363097,430
9.45728,1.08722,0.664567,431
9.53071,-0.415598,0.559894,432
9.48645,1.02711,0.525827,433
9.50133,0.982912,0.31824,434
9.4837,1.08108,0.4899,435
9.52324,0.905698,0.221167,436
9.55217,-0.631728,0.223782,437
8.85522,3.62285,0.439586,438
9.54918,-0.615642,0.410107,439
9.55169,0.875818,0.415409,440
9.60228,-0.308834,0.271142,441
9.63231,0.713893,0.250168,442
8.9536,3.6655,0.495883,443
8.98861,3.61515,0.529059,444
9.64662,0.978884,0.511212,445
9.65671,0.959987,0.451513,446
9.44566,2.32916,0.368974,447
9.44705,2.33614,0.419646,448
9.0487,3.60863,0.332676,449
9.05095,3.61198,0.340675,450
9.03901,3.66033,0.250158,451
9.4741,2.37857,0.258358,452
9.67426,1.52255,0.437831,453
9.47536,2.51474,0.236543,454
9.76556,0.813842,0.476622,455
9.79325,0.442798,0.474746,456
9.50561,2.44169,0.519789,457
9.79763,-0.735299,0.239539,458
9.49641,2.58642,0.317081,459
9.48345,2.66699,0.249094,460
9.48853,2.63531,0.422156,461
9.81362,0.950934,0.475711,462
9.21105,3.59124,0.235286,463
9.26615,3.67324,0.306635,464
9.27205,3.65679,0.340076,465
9.34042,3.53062,0.310879,466
9.31836,3.60153,0.292193,467
9.28807,3.67495,0.370126,468
9.9636,0.879096,0.471896,469
9.67823,2.74697,0.310989,470
9.76719,2.621,0.305133,471
9.43077,3.69009,0.399201,472
9.42731,3.72509,0.407847,473
9.76696,2.81641,0.297157,474
10.1408,0.728051,0.322258,475
9.73026,2.95805,0.29514,476
9.80546,2.75082,0.335654,477
10.1699,0.599103,0.23814,478
9.83529,2.66177,0.510256,479
9.56425,3.62936,0.3199,480
9.55468,3.67718,0.239716,481
9.61216,3.54758,0.505263,482
9.58535,3.66209,0.223409,483
9.71929,3.43635,0.272324,484
9.6922,3.56818,0.306523,485
9.80191,3.41883,0.242277,486
9.95401,3.15078,0.493352,487
9.81849,3.58779,0.332309,488
10.0444,2.89577,0.392502,489
9.9653,3.23216,0.249244,490
9.9539,3.44806,0.420038,491
Free Nodes:1109
-0.0438647,-0.215371,0.0126865,0
0.259844,-0.133081,0.00903818,1
-0.123542,0.359682,-0.00945378,2
0.116913,0.400358,-0.00983262,3
-0.319215,0.303798,-0.00841663,4
0.243007,-0.412335,0.0259745,5
0.502164,0.0487375,0.00601615,6
0.375159,-0.340713,0.0252598,7
0.294432,0.462549,-0.00909735,8
-0.400291,-0.38352,0.01662,9
-0.111629,-0.543122,0.0371952,10
0.16724,-0.540586,0.0484084,11
0.331953,-0.462173,0.0294789,12
0.524282,-0.316299,0.0214329,13
0.456288,-0.412999,0.0243297,14
0.60736,-0.203891,0.00251387,15
0.424305,-0.492534,0.0196313,16
0.643051,-0.217477,0.0195649,17
0.452419,0.521415,-0.00978238,18
0.407524,0.577041,0.0178843,19
0.629554,0.352629,0.00691006,20
0.679013,-0.324101,0.0188968,21
0.820152,-0.204097,0.0175533,22
0.847284,0.170307,0.00909254,23
0.634515,0.605891,0.00485351,24
0.717686,-0.533085,0.030095,25
0.60419,0.660202,0.0753729,26
0.86825,-0.244758,0.00142271,27
0.843488,0.412375,0.0101641,28
0.96252,-0.00609115,0.0117813,29
0.986561,-0.125261,0.016308,30
0.625416,0.797247,0.0484262,31
0.815612,0.646312,0.00985487,32
1.04537,0.324236,0.0138351,33
1.12774,0.0641302,0.0162666,34
1.01451,-0.496809,0.0158867,35
1.15032,-0.143374,0.0144605,36
1.18575,-0.0630482,0.0154187,37
1.06255,0.585142,0.0150176,38
1.22524,0.246276,0.0175156,39
0.683794,1.04994,0.00941918,40
0.985937,-0.788725,0.117532,41
0.599356,1.20405,0.168353,42
1.35201,0.113946,0.0204285,43
1.35767,-0.0843097,0.0563508,44
1.03622,0.909592,0.0161359,45
1.3067,0.442222,0.0186603,46
1.38963,-0.00799037,0.0191216,47
1.2666,0.758302,0.0210118,48
1.49998,0.226668,0.0213311,49
1.52297,-0.0364314,0.0296937,50
0.700262,1.362,0.00683553,51
1.46183,0.617987,0.0245498,52
1.15617,1.10335,0.0117895,53
1.59865,-0.156962,0.0410767,54
1.58184,0.415279,0.0220772,55
1.4418,0.822983,0.0110734,56
0.639273,1.54069,0.0234272,57
1.66468,-0.175493,0.0533279,58
1.62106,-0.427876,0.0790049,59
1.65874,-0.36108,0.0187514,60
1.68882,0.230103,0.0235598,61
1.37715,1.04399,0.0252351,62
0.321458,1.70165,0.00149996,63
1.17497,1.30984,0.0197393,64
1.657,-0.621665,0.0268434,65
0.572061,1.69101,0.00265549,66
1.78447,0.0837282,0.0105801,67
0.7925,1.60508,0.0166207,68
1.69233,0.588758,0.0254987,69
1.71131,0.575207,0.00747576,70
1.60549,0.839546,0.0250097,71
1.80866,0.312413,0.026019,72
1.81904,0.252724,0.0208148,73
1.6894,-0.734207,0.110357,74
1.79488,-0.49442,0.00714132,75
1.83332,-0.38704,0.0110488,76
1.47864,1.15087,0.0139903,77
1.85422,0.459847,0.0271461,78
1.27809,1.43516,0.0159654,79
1.8997,-0.342739,0.00426374,80
1.84023,0.66232,0.0274158,81
0.840931,1.78213,0.00752794,82
1.95628,0.308717,0.0274308,83
1.79573,-0.867402,0.107711,84
1.99628,-0.151434,0.00903965,85
2.01561,0.0813615,0.0189028,86
2.01315,0.185049,0.00910562,87
1.92055,-0.644871,0.0161361,88
1.77646,0.991167,0.00999689,89
2.02602,0.313344,0.0189283,90
1.96857,0.590251,0.00816878,91
1.98098,-0.545911,0.0749389,92
1.99424,0.505408,0.0289588,93
2.06749,0.374838,0.0290151,94
0.46478,2.05506,0.00989385,95
2.10032,-0.562948,0.0103731,96
2.1548,0.356537,0.0307854,97
0.856303,2.04583,-0.00539417,98
2.21752,-0.0361101,0.0170786,99
1.71368,1.41929,0.0164789,100
2.21768,0.250483,0.00753408,101
1.43894,1.7502,0.0228791,102
2.26695,-0.0948024,0.0079229,103
0.686676,2.16904,0.0153412,104
2.25835,0.366763,0.0172171,105
2.26016,-0.384957,0.010649,106
1.16307,2.00224,8.28097e-05,107
2.22098,0.719428,0.00958079,108
2.08319,1.06895,0.011083,109
1.10874,2.11532,-0.00538825,110
2.15263,1.05927,0.00533573,111
2.38752,-0.302693,0.0271373,112
0.827104,2.26512,-0.00753856,113
2.2949,0.835558,0.00949416,114
2.44502,0.0686812,0.00666417,115
2.4616,0.169194,0.0149282,116
1.05049,2.23299,-0.00243023,117
2.06492,1.35609,0.00534149,118
1.38166,2.05203,0.00189522,119
2.42835,0.514911,0.0162762,120
0.811058,2.37835,0.00699713,121
2.46605,0.701778,0.0148352,122
2.13066,1.44078,0.0266982,123
1.89254,1.74539,0.0206684,124
0.772873,2.45981,-0.00891698,125
2.56946,-0.342682,0.041385,126
2.5896,-0.151674,0.0145748,127
1.02422,2.38718,0.00253869,128
1.7159,1.96392,0.00813654,129
1.56971,2.08939,0.0250396,130
1.27825,2.28142,0.00471286,131
2.50286,0.760583,0.0111476,132
1.16331,2.34308,-0.00371994,133
2.58633,0.464117,0.0140779,134
2.64164,-0.102983,0.00753184,135
2.38591,1.18627,0.010038,136
1.01554,2.48114,-0.00212324,137
2.63257,0.539212,0.0202677,138
1.37989,2.30933,-0.00257156,139
2.48889,1.0513,0.0125765,140
1.58845,2.18983,0.0067754,141
2.57477,0.839711,0.0154568,142
2.39432,1.27846,0.0153839,143
2.71837,0.217025,0.0240968,144
0.759927,2.65224,0.0166199,145
1.00066,2.57528,0.00121483,146
1.68011,2.20332,0.000153412,147
2.24704,1.62895,0.0619524,148
1.42956,2.42338,0.00361256,149
2.80959,0.150309,0.0107847,150
2.05612,1.93204,0.0283553,151
2.64991,1.01604,0.0157821,152
2.85051,0.0772889,0.023163,153
2.23729,1.77529,0.00936032,154
0.97062,2.68765,0.00436743,155
1.17043,2.60915,0.00350975,156
2.85868,-0.208028,0.0122826,157
2.81453,0.547902,0.0241036,158
1.87415,2.18259,0.012475,159
2.86384,-0.32022,0.027027,160
0.932021,2.72952,-0.00400966,161
1.98027,2.10994,0.000805602,162
2.77638,0.897467,0.0135351,163
2.51069,1.48749,0.0649761,164
2.40032,1.66669,0.015215,165
2.80682,0.835425,0.0215288,166
2.64269,1.27642,0.0210833,167
1.33014,2.61716,-0.0036483,168
2.89908,0.54211,0.0102247,169
0.472547,2.92431,0.0206746,170
1.59396,2.4998,0.000295275,171
1.25709,2.70189,0.0012217,172
0.752583,2.88643,0.00553731,173
1.69047,2.45902,0.011247,174
0.320321,2.9707,0.11382,175
2.66118,1.3836,0.0220226,176
2.92869,0.691583,0.0242091,177
0.805763,2.89975,-0.00197816,178
2.99906,0.3188,0.017972,179
2.59022,1.57192,0.0514805,180
1.88701,2.37415,0.00187473,181
2.22778,2.06616,0.0216995,182
1.08501,2.84313,0.00278186,183
2.15249,2.16016,0.0416463,184
0.984716,2.9209,0.0190388,185
2.88016,1.12113,0.0207855,186
0.137301,3.08796,0.0856258,187
3.09511,0.11508,0.0254053,188
0.7254,3.01141,-0.00430938,189
3.05112,0.541402,0.0283967,190
1.93364,2.44419,0.0157435,191
2.866,1.26457,0.00711513,192
2.42122,1.98776,0.0290199,193
1.52767,2.74698,0.00974026,194
3.14348,-0.0897208,0.0547857,195
0.957759,2.99713,0.019638,196
3.13745,0.285201,0.00546654,197
0.545861,3.1078,0.00187753,198
3.03756,0.857867,0.025693,199
2.96989,1.08876,0.00503754,200
0.480479,3.13423,0.0418791,201
1.04475,3.00245,0.00738217,202
2.83565,1.44817,0.0851258,203
0.813135,3.08195,-0.0013187,204
1.0267,3.01913,0.0031534,205
0.942794,3.0488,0.0158462,206
0.236767,3.18748,0.00422626,207
2.89037,1.37068,0.010636,208
2.64263,1.80244,0.0541015,209
1.8386,2.62703,0.00181756,210
2.12661,2.41709,0.00297017,211
2.89838,1.40164,0.117122,212
1.31976,2.94341,-0.0020495,213
2.1229,2.44205,0.020673,214
3.13066,0.847882,0.00448726,215
3.18232,0.697151,0.0301734,216
3.04806,1.17324,0.00548401,217
1.6226,2.84045,0.00241857,218
3.0833,1.10111,0.0249606,219
1.8239,2.7221,0.0177259,220
3.2472,0.513835,0.00491511,221
0.55609,3.24332,0.00456603,222
0.935766,3.16327,0.00297781,223
0.796693,3.20245,-0.00484122,224
3.29409,0.32173,0.0131941,225
2.50291,2.17794,0.0488742,226
2.39663,2.29546,0.0143119,227
1.3004,3.06888,0.00667847,228
2.91809,1.64455,0.043969,229
0.903665,3.23613,-0.00652225,230
3.31544,0.552214,0.0327473,231
0.936702,3.23311,0.114763,232
3.24446,0.931119,0.0287389,233
2.26654,2.51734,0.024279,234
3.35148,-0.495353,0.00708366,235
0.805958,3.30058,-0.00576892,236
2.45667,2.35276,0.0260209,237
3.40224,0.072933,0.0094777,238
1.00385,3.25407,0.0054418,239
0.528993,3.36531,0.0188915,240
1.19799,3.20661,-0.00527338,241
3.39812,0.414552,0.0241407,242
3.17915,1.27503,0.00672863,243
3.1277,1.39956,0.00673233,244
3.42435,-0.203785,0.019186,245
1.9646,2.81243,0.00404248,246
2.98617,1.69437,0.0688888,247
2.10047,2.71733,0.0233288,248
0.697386,3.36422,-0.00545509,249
2.28325,2.57053,0.00536707,250
2.51704,2.35195,0.00815121,251
1.18822,3.23417,-0.00487346,252
1.65734,3.02464,0.0174428,253
3.38501,0.721569,0.0349164,254
3.09356,1.57494,0.0106962,255
3.21869,1.30159,0.0262303,256
1.61065,3.09309,0.00456762,257
1.06116,3.33215,0.0139139,258
3.06228,1.71566,0.0153835,259
0.494125,3.484,0.012804,260
2.18747,2.77602,0.00507537,261
2.91634,1.99959,0.0227415,262
1.03487,3.38564,0.0166778,263
1.95946,2.95364,0.0050378,264
1.26982,3.31335,0.000674129,265
3.53067,0.442483,0.0110145,266
3.4148,1.001,0.0322816,267
1.55378,3.20173,0.00474948,268
1.96593,2.97568,0.0217997,269
0.79422,3.47958,-0.00466407,270
1.03658,3.42213,0.0258251,271
2.35625,2.69111,0.0274555,272
3.55043,0.475491,0.0219428,273
0.588314,3.53796,0.0169995,274
1.81251,3.10681,0.00611783,275
3.42496,1.1237,0.00570447,276
3.31564,1.41636,0.00655755,277
2.7157,2.37672,0.00860304,278
3.12939,1.80717,0.0125564,279
3.53755,0.796466,0.00658655,280
2.63589,2.49239,0.00618388,281
3.54788,0.783915,0.0373692,282
2.6078,2.54895,0.030041,283
3.59969,0.595971,0.0402505,284
3.6397,0.280676,0.049961,285
3.16838,1.81754,0.0183858,286
0.540155,3.62204,9.19122e-05,287
2.37856,2.78824,0.00538704,288
2.41945,2.75402,0.00661354,289
3.35639,1.50403,0.00549979,290
1.27756,3.452,-0.00379308,291
1.25144,3.46426,-0.004846,292
3.39177,1.45348,0.00934749,293
2.23535,2.94293,0.0279127,294
1.45561,3.3988,-0.00320211,295
0.88064,3.59112,-0.00831647,296
2.06599,3.06852,0.00563638,297
3.68234,0.466695,0.00723197,298
3.70427,-0.360781,0.106037,299
1.53487,3.4036,0.00536908,300
3.32099,1.70778,0.0290354,301
2.43666,2.85194,0.0289395,302
0.888857,3.65723,-0.00835403,303
2.71708,2.6065,0.00817151,304
2.30728,2.98822,0.00399938,305
2.8266,2.51936,0.00933791,306
1.32763,3.54951,-0.00425054,307
3.75218,0.541314,0.0188795,308
2.20248,3.10212,0.00462655,309
3.51356,1.46368,0.00804033,310
3.42157,1.68393,0.0255832,311
3.60124,1.26855,0.00599888,312
1.85661,3.34045,0.00683374,313
3.80084,0.503256,0.00744076,314
1.4667,3.54747,-0.00293364,315
3.33895,1.89614,0.0214158,316
3.82778,0.273667,0.199394,317
3.86274,0.154613,0.0821702,318
2.53669,2.93081,0.00683224,319
0.556843,3.84545,0.0131519,320
3.44487,1.79933,0.0409227,321
1.19844,3.70117,-0.00646101,322
2.57708,2.91526,0.032178,323
1.57398,3.56078,-0.00335228,324
1.20591,3.70383,-0.0054367,325
3.75233,1.05781,0.0095562,326
0.916151,3.79929,-0.00875605,327
2.82997,2.69728,0.00871399,328
3.66632,1.37639,0.0101225,329
1.4717,3.63564,-0.00424416,330
3.91986,0.349104,0.0163245,331
1.13229,3.7802,-0.00747554,332
2.59507,2.98534,0.00517978,333
1.57179,3.63187,-0.00390453,334
3.58888,1.66766,0.027157,335
3.49,1.87873,0.0818252,336
0.635684,3.92509,0.020883,337
1.82146,3.53788,-0.00189174,338
3.41567,2.0445,0.028262,339
3.97942,-0.123485,0.0129158,340
1.70396,3.59925,-0.00201846,341
3.6587,1.58931,0.00945098,342
3.83468,1.12097,0.0142487,343
3.66401,1.61113,0.00986638,344
1.85744,3.54628,-0.00293655,345
3.86359,1.06591,0.0110009,346
4.00534,-0.183912,0.0283732,347
4.00125,0.565792,0.015863,348
1.60077,3.71137,0.00575654,349
1.01027,3.91498,-0.0056601,350
2.93678,2.78564,0.00869931,351
1.56012,3.7565,-0.00306434,352
3.8175,1.41848,0.0114723,353
1.55155,3.76599,-0.00579091,354
2.55135,3.18982,-0.00174435,355
2.77827,2.99794,0.00217682,356
4.0117,0.783493,0.011582,357
4.04444,-0.592128,0.0325368,358
2.34803,3.3484,0.00484905,359
4.08688,0.246576,0.0201587,360
2.1794,3.46936,-0.00227554,361
0.792006,4.02142,-0.000833451,362
2.06976,3.5402,0.00713777,363
3.726,1.73125,0.0253441,364
3.99258,1.0115,0.0156803,365
1.41938,3.8712,-0.00532367,366
1.33379,3.90498,-0.00681881,367
3.88786,1.40633,0.0430493,368
3.98159,1.13815,0.0144172,369
1.36763,3.91222,-0.00502031,370
4.12546,0.416689,0.0155488,371
1.10689,3.99965,-0.00767453,372
3.8155,1.63802,0.0119551,373
4.15797,0.0777817,0.0207868,374
1.69752,3.80863,-0.0035236,375
3.74368,1.83695,0.0130585,376
4.00848,1.16749,0.0130765,377
3.89837,1.50182,0.0133465,378
3.93682,1.40344,0.0417049,379
1.95573,3.69938,-0.000515072,380
3.73461,1.91264,0.0196183,381
2.81771,3.13126,0.00488641,382
2.37301,3.489,-0.000492508,383
2.22186,3.58851,-0.00122656,384
1.71839,3.85581,-0.0051836,385
3.85896,1.75121,0.0141542,386
2.51127,3.41796,-0.00107535,387
4.18787,0.682123,0.0146339,388
4.24574,0.340864,0.0125864,389
1.48141,3.99552,-0.00755564,390
2.58136,3.39055,0.00502914,391
3.94876,1.60656,0.0919383,392
3.42044,2.54887,0.0128007,393
0.96041,4.15697,0.0134308,394
0.850733,4.18314,0.0589863,395
1.23682,4.08632,-0.00816227,396
4.02184,1.43666,0.160995,397
3.78111,1.99206,0.0338524,398
0.736008,4.21701,0.0822364,399
4.05034,1.40247,0.0484412,400
2.0305,3.78277,0.0211459,401
4.18777,0.956123,0.0184143,402
4.30879,-0.299962,0.0665821,403
1.77483,3.94235,0.0276939,404
3.97965,1.70528,0.0128098,405
4.03103,1.58317,0.0592375,406
4.15087,1.25815,0.020277,407
1.56159,4.05047,0.046026,408
3.04597,3.0937,0.00325276,409
4.03775,1.59313,0.0991902,410
1.6068,4.03483,0.00832678,411
1.56163,4.05379,0.0179636,412
1.93171,3.89677,0.0750284,413
4.00002,1.71245,0.0611421,414
1.03177,4.23305,0.00107584,415
3.8947,1.96327,0.0403066,416
3.86626,2.02356,0.0126347,417
4.36548,-0.0197097,0.00980969,418
4.35941,-0.333068,0.0529265,419
4.25408,1.02643,0.0185529,420
2.18315,3.79456,0.0186536,421
1.37196,4.15869,-0.00700451,422
4.22788,1.17984,0.0175651,423
1.18383,4.2514,-0.00892781,424
2.23169,3.81174,0.0333444,425
3.37385,2.85798,0.0103966,426
2.80896,3.41605,-0.00228469,427
4.39206,0.544041,0.0107293,428
2.81786,3.4154,0.00474672,429
2.09889,3.90016,0.00361658,430
2.31454,3.77997,0.00602206,431
1.86152,4.05355,0.0319202,432
4.46394,0.0597457,0.00891453,433
3.73639,2.44843,0.0176824,434
3.03282,3.29054,0.00572216,435
1.44139,4.2369,-0.00881089,436
4.0069,2.0087,0.0479227,437
2.01236,4.01344,0.165462,438
4.02583,2.02831,0.0598248,439
2.49595,3.75507,0.0641859,440
2.3763,3.83881,0.0280839,441
1.44205,4.28986,-0.00881193,442
4.45695,0.792647,0.0118822,443
2.62398,3.70312,0.0343187,444
1.40083,4.3284,-0.00857991,445
1.13922,4.41089,0.0167127,446
4.39529,1.27521,0.0164488,447
2.75485,3.66101,0.0156384,448
4.41555,1.23185,0.0187908,449
3.14249,3.34785,-0.000482269,450
3.32941,3.16317,0.0100198,451
3.33654,3.16054,0.00456709,452
4.59662,0.364729,0.00821873,453
0.916381,4.52103,0.0840834,454
1.03942,4.50005,0.0227218,455
3.72262,2.75726,0.0162464,456
4.35814,1.57656,0.0145779,457
1.2652,4.46284,0.0187297,458
0.944172,4.53877,0.195165,459
2.69736,3.78989,0.02064,460
3.02407,3.54095,0.00688833,461
4.36729,1.61842,0.0118746,462
4.26607,1.87237,0.00936914,463
4.42237,1.49401,0.0411755,464
1.39945,4.45435,0.0765357,465
4.56459,-0.977398,0.172897,466
4.50406,1.25568,0.0164123,467
4.03094,2.40195,0.0230503,468
4.51628,1.27636,0.0187726,469
4.65098,0.630149,0.00789357,470
4.3654,1.74382,0.0114605,471
4.24039,2.04003,0.0187472,472
4.66742,-0.619377,0.0105024,473
4.52928,1.29825,0.0165539,474
1.38688,4.50878,0.110683,475
2.46623,4.02598,0.0196112,476
1.29647,4.54087,0.154291,477
4.28632,1.98861,0.023067,478
4.59079,1.12283,0.0217309,479
3.22676,3.45448,0.00510019,480
3.24693,3.44065,0.00874053,481
4.48458,1.51033,0.0231899,482
4.63332,1.00207,0.0214092,483
2.37892,4.101,0.0189861,484
4.21538,2.17119,0.0195363,485
4.74246,0.0605548,0.00619135,486
3.64823,3.0843,0.0139552,487
3.07742,3.66379,-0.00220463,488
4.77245,-0.374244,0.00642552,489
4.40766,1.88233,0.0485124,490
2.34671,4.18518,0.0555087,491
4.61031,1.33416,0.0179489,492
2.22231,4.25833,0.0521629,493
4.70823,0.970641,0.021432,494
3.58814,3.22717,0.00380629,495
4.68812,1.18887,0.0211682,496
4.71497,1.07776,0.0211153,497
4.65487,1.38044,0.0341022,498
4.85047,-0.249745,0.00535053,499
3.44523,3.43803,0.000513042,500
4.8607,-0.253069,0.00533128,501
2.96532,3.86686,0.00164212,502
4.79626,0.889838,0.0270549,503
4.86296,0.403036,0.00651409,504
4.0496,2.7278,0.0235983,505
4.78885,0.990314,0.0211561,506
4.34065,2.26246,0.0301566,507
2.34368,4.31763,0.101846,508
4.85842,0.774837,0.0276153,509
4.60639,1.77125,0.143717,510
4.94486,-0.137424,0.00680721,511
4.25272,2.53353,0.00465555,512
4.38028,2.31586,0.00699352,513
4.58022,1.91524,0.024048,514
3.63076,3.38862,0.0137855,515
3.95746,3.00778,0.0206521,516
3.34822,3.6755,0.00559467,517
3.43402,3.60964,0.0127506,518
3.71593,3.35083,0.00328898,519
5.01761,0.141309,0.0048426,520
4.32256,2.56006,0.0290411,521
5.03001,-0.0233995,0.00794906,522
4.15898,2.85101,0.00162923,523
4.60469,2.09046,0.0108998,524
4.86746,1.38047,0.0460178,525
5.00327,0.886757,0.025535,526
3.14706,4.00544,0.0895569,527
4.98751,1.04077,0.0232524,528
5.04972,0.680916,0.0281411,529
4.66072,2.09019,0.0185251,530
5.11773,0.109366,0.0095495,531
4.5256,2.40319,0.00994393,532
3.60933,3.64446,0.126399,533
4.61127,2.26143,0.0126479,534
3.94434,3.29934,0.0187834,535
4.55984,2.38836,0.0188954,536
4.29618,2.87069,0.0285953,537
4.96669,1.4254,0.198123,538
4.13896,3.19779,-0.00036043,539
4.56098,2.56055,0.00932667,540
4.67797,2.34414,0.0182124,541
4.48402,2.71161,0.00485208,542
5.14482,1.00778,0.0227364,543
4.85104,2.00353,0.0602525,544
4.86091,1.99572,0.0461491,545
5.25717,0.183597,0.0285142,546
3.87966,3.57527,0.0332243,547
4.51331,2.74614,0.0176193,548
5.21953,0.827357,0.0248572,549
4.69427,2.43499,0.00879819,550
5.2547,0.604484,0.0287513,551
4.23898,3.16595,0.0279293,552
5.15867,1.19062,0.019667,553
3.67989,3.81182,0.0294803,554
4.93374,1.99966,0.0476769,555
4.70044,2.52095,0.0118852,556
5.34909,0.400523,0.00901711,557
4.8228,2.3628,0.0147229,558
4.064,3.52471,0.0190783,559
4.57312,2.83455,0.00937669,560
4.44482,3.04113,0.00305028,561
4.7515,2.55131,0.0189141,562
4.83653,2.40025,0.0147584,563
4.85744,2.37908,0.0161962,564
5.32426,1.06443,0.0209726,565
5.24872,1.47272,0.146311,566
5.45114,0.163237,0.0352928,567
5.04345,2.08427,0.0276765,568
5.02854,2.12408,0.0157231,569
4.19935,3.48939,0.0371839,570
4.95127,2.32713,0.0159379,571
5.30675,1.33438,0.019414,572
5.45962,0.53394,0.0281127,573
5.01958,2.21753,0.00192062,574
4.53809,3.09001,0.00858619,575
4.06768,3.7251,0.0869739,576
4.76081,2.81681,0.00650907,577
5.4779,0.814584,0.0239451,578
5.00384,2.37518,0.0159331,579
4.96703,2.46514,0.0157249,580
4.85422,2.69163,0.0156585,581
5.1759,2.01032,0.0528641,582
5.19201,1.9661,0.110328,583
5.20876,1.92605,0.143089,584
4.82979,2.78422,0.0192926,585
5.20053,2.02315,0.0234866,586
5.08854,2.29961,0.0103292,587
4.33554,3.52123,0.0108837,588
4.88723,2.70889,0.0137082,589
5.45746,1.22354,0.0189284,590
5.13968,2.20846,0.0175042,591
5.60459,0.411455,0.0154746,592
4.96688,2.63464,0.0175749,593
5.35905,1.72236,0.0209837,594
4.54372,3.33022,0.00184471,595
3.98421,3.98888,0.0613531,596
4.82067,2.95018,0.0115332,597
5.08215,2.47578,0.00154165,598
5.08928,2.47513,0.0160033,599
4.57582,3.3326,0.00854547,600
5.46671,1.47684,0.0142466,601
5.11626,2.45598,0.0123005,602
5.045,2.60088,0.00962694,603
4.7279,3.15502,0.0104273,604
5.35336,2.00551,0.0136884,605
5.63085,1.00971,0.01976,606
4.78099,3.15114,0.00449168,607
5.23856,2.36072,0.0106012,608
5.16196,2.5485,0.0143477,609
5.04379,2.79188,0.0186109,610
5.25363,2.43719,0.000704428,611
5.32681,2.2757,0.0093885,612
5.32079,2.29897,0.0182811,613
5.44145,2.0152,0.0495316,614
5.45968,1.97993,0.00731635,615
5.66357,1.32067,0.0154445,616
5.42758,2.09599,0.0226813,617
5.79265,0.67498,0.0708822,618
5.0528,2.91324,0.00745679,619
5.49641,2.01459,0.0326682,620
4.7794,3.38048,0.0115608,621
5.39545,2.27311,-0.000119467,622
5.35065,2.37878,0.0178223,623
5.24715,2.6445,0.0118013,624
4.96661,3.16498,0.013867,625
5.6799,1.5625,0.0102337,626
5.10903,2.94368,0.0146998,627
4.69933,3.59359,0.0041068,628
5.26255,2.74515,0.0143286,629
5.62653,1.91054,0.00863107,630
5.25954,2.77897,0.0111022,631
5.27645,2.74953,0.0256526,632
5.69391,1.74286,0.00898142,633
5.94536,0.45049,0.0940603,634
5.39266,2.54751,0.00979712,635
5.89231,1.03998,0.0149292,636
5.73611,1.74065,0.00286062,637
5.61914,2.09394,0.00772319,638
5.06208,3.22523,0.0109909,639
5.51651,2.37213,0.00663279,640
5.79041,1.62937,0.0114221,641
4.94175,3.43652,0.0230016,642
5.84456,1.44178,0.0113981,643
5.63327,2.14156,4.63944e-05,644
5.58405,2.28711,0.00583116,645
4.95663,3.44888,0.0249089,646
5.45048,2.64543,0.000700363,647
5.65842,2.17506,0.0216531,648
5.51648,2.53623,0.0078078,649
5.51258,2.6114,0.0189452,650
5.59746,2.43573,-0.00175851,651
5.14452,3.30822,0.0252835,652
5.82311,1.96771,0.00824886,653
5.49546,2.76656,0.00996484,654
5.31262,3.14441,0.017539,655
5.81902,2.06523,0.000889317,656
6.12044,0.832054,0.0152257,657
5.63672,2.56668,0.00620592,658
5.9222,1.89005,-0.000275164,659
5.47921,2.94114,0.000623027,660
5.95346,1.80114,0.0102025,661
5.12445,3.52714,0.0641328,662
5.04917,3.67329,0.0704302,663
5.77502,2.3767,0.00414334,664
6.1164,1.26432,0.00878954,665
5.7985,2.33368,-0.00105093,666
6.2347,0.443403,0.126598,667
5.51547,2.96472,0.0180012,668
6.12244,1.31526,0.015706,669
5.63815,2.82174,0.00582774,670
6.11216,1.56184,0.0135226,671
5.71293,2.69447,-0.000270331,672
5.94933,2.16746,0.00762934,673
5.57071,3.04853,0.0102941,674
6.35474,-0.0627935,0.0237096,675
6.36256,-0.295463,0.039014,676
5.75007,2.74549,0.0067717,677
6.34047,0.641782,0.0772126,678
6.04683,2.12813,-0.000282185,679
5.90168,2.51359,0.00393193,680
5.8966,2.53337,0.000228861,681
5.9978,2.32254,-0.00104155,682
5.41147,3.48445,0.0543681,683
6.01415,2.32286,0.00757635,684
6.12399,2.01783,0.010121,685
5.55588,3.28436,0.0486891,686
5.82728,2.79465,0.00415663,687
6.38098,1.11729,0.00772065,688
6.2392,1.78281,0.0120752,689
5.79264,3.01208,0.00870592,690
6.44245,1.07484,0.0186939,691
6.53092,0.175816,0.0282557,692
6.05325,2.47595,0.00809087,693
6.53081,0.482071,0.0436043,694
6.55314,-0.0491806,0.0421652,695
5.98398,2.72066,0.00673901,696
6.56145,-0.453834,0.0278775,697
5.99285,2.73123,0.00101446,698
5.84619,3.04745,0.0453046,699
6.55391,-0.749245,0.00664317,700
6.58458,0.4455,0.0189296,701
6.42117,1.53786,0.0142716,702
6.1722,2.34608,0.00177976,703
5.93535,2.90577,0.00264734,704
6.61861,-0.120713,0.0395798,705
6.10375,2.56542,0.00154445,706
6.48437,1.36742,0.00171974,707
6.64246,0.323171,0.0057598,708
6.27157,2.23397,0.0101535,709
6.11491,2.63734,0.00872299,710
6.61075,0.917959,0.0105095,711
6.38371,1.95107,0.0128724,712
6.67478,0.10816,0.00643803,713
5.56603,3.69584,0.0410093,714
6.68101,-0.11489,0.0169021,715
6.05741,2.82886,0.0421648,716
5.75015,3.42874,0.00926547,717
6.67973,0.768356,0.0116285,718
6.54632,1.54886,0.00299492,719
6.72916,-0.309579,0.0675581,720
6.05844,2.95814,0.0262736,721
5.65236,3.67599,0.0185195,722
6.73806,-0.28534,0.104031,723
6.27255,2.52602,0.00343959,724
6.31305,2.45318,0.0111606,725
5.96082,3.21544,0.0841643,726
6.77212,-0.318074,0.103488,727
6.06442,3.05308,0.0237126,728
6.79044,-0.10192,0.0167319,729
6.66748,1.43119,0.017453,730
6.71499,1.19942,0.00216582,731
6.61064,1.72772,0.00348883,732
6.83078,0.281361,0.00541537,733
6.20711,2.87153,0.00375099,734
6.81324,-0.597107,0.0232455,735
5.83329,3.59215,0.00864094,736
6.29914,2.69529,0.00347129,737
6.53143,2.09537,0.0144535,738
6.32945,2.65231,0.0116901,739
6.85292,0.407587,0.0178418,740
5.85496,3.58729,0.0105138,741
6.87885,0.0510002,0.0264937,742
6.87769,-0.15332,0.0312342,743
6.84493,-0.716733,0.0123695,744
6.88469,0.0501682,0.00542208,745
6.6774,1.77975,0.0178171,746
6.11343,3.26208,0.0330365,747
6.01792,3.43555,0.0227821,748
6.88812,-0.78932,0.00513438,749
5.83445,3.7482,0.0369431,750
6.67264,1.90126,0.00562678,751
6.12656,3.25832,0.028312,752
5.97298,3.53938,0.0206266,753
5.82353,3.78442,0.0100862,754
6.25193,3.04397,0.00323735,755
6.54911,2.33769,0.0145374,756
6.97973,-0.371694,0.0281278,757
6.08758,3.44068,0.0191967,758
6.84316,1.45323,0.00326899,759
6.99853,-0.298917,0.0134736,760
6.69416,2.09057,0.00657948,761
7.01247,0.206035,0.00571927,762
7.03154,0.00427094,0.00428004,763
6.97186,-1.09053,0.0687821,764
6.98029,1.0632,0.00264852,765
6.56598,2.61228,0.0153041,766
6.28753,3.22659,0.00887131,767
7.08838,-0.1203,0.00721405,768
7.07134,-0.656593,0.00265931,769
6.77332,2.13895,0.0187075,770
7.06331,0.785693,0.013436,771
6.08808,3.67479,0.0108606,772
7.06363,-0.890865,0.00345743,773
5.96928,3.88303,0.0101554,774
6.08569,3.70038,0.00852501,775
7.12498,-0.0966899,0.0335509,776
6.93155,1.70341,0.00553148,777
6.27325,3.41387,0.00422305,778
7.12903,-0.459413,0.010003,779
6.79846,2.22359,0.010127,780
6.90762,1.92152,0.0201343,781
7.1381,-0.793792,0.0345303,782
7.17445,-0.508155,0.0750037,783
6.79071,2.38847,0.0116872,784
7.19261,0.340343,0.0216388,785
6.93473,1.9557,0.00727295,786
6.7901,2.42049,0.0202596,787
6.37831,3.37847,0.0101681,788
6.0286,4.02148,0.0767191,789
6.05063,3.99163,0.0580699,790
7.21117,0.833225,0.00617799,791
6.31786,3.6029,0.00404899,792
7.15461,1.41546,0.00525831,793
6.20212,3.86673,0.0147605,794
7.27306,0.729174,0.0194818,795
6.35654,3.66155,0.011517,796
6.61232,3.18199,0.00671956,797
6.85722,2.65411,0.0199725,798
7.01897,2.24032,0.0229492,799
7.05037,2.14947,0.0104469,800
7.35633,0.515478,0.0243805,801
7.38357,-0.0180294,0.0209007,802
6.99476,2.3774,0.012453,803
6.31892,3.8536,0.00894014,804
7.41674,-0.413633,0.0120271,805
7.22003,1.76488,0.00912064,806
6.1943,4.18707,0.158218,807
6.27888,4.0743,0.0125654,808
7.43485,0.86713,0.0166288,809
7.48911,-0.0329128,0.055216,810
7.44863,0.858482,0.0152683,811
7.49386,0.401052,0.0251941,812
7.08733,2.48663,0.0232515,813
7.52328,0.28441,0.0284511,814
7.42095,1.32179,0.0115905,815
6.53974,3.75851,0.00529533,816
7.28448,2.03637,0.0123196,817
7.20794,2.35283,0.0133186,818
7.55981,0.66519,0.0211347,819
7.59469,-0.28677,0.00768311,820
7.55411,1.00722,0.0128368,821
7.61138,-0.4208,0.00939452,822
7.40732,1.97275,0.0111881,823
6.92871,3.30578,0.00380948,824
7.19806,2.67334,0.0248929,825
7.6837,-0.123921,0.0625565,826
7.68879,0.00592632,0.0588254,827
7.68174,0.675172,0.0229339,828
7.35876,2.30883,0.000907349,829
7.71557,0.144332,0.0452411,830
6.82768,3.60499,0.053925,831
7.72615,0.490097,0.0249219,832
7.54695,1.74172,0.0335326,833
7.74648,-0.357065,0.0089948,834
7.73882,-0.504148,0.0296876,835
7.2933,2.63764,0.000933565,836
7.76088,-0.0108041,0.0186846,837
7.67229,1.17599,0.00963422,838
7.48188,2.12918,0.0343107,839
7.4131,2.38589,0.0150794,840
7.80077,-0.194413,0.115105,841
7.80928,-0.452468,0.0810232,842
7.77676,0.867958,0.0169693,843
7.27376,2.96232,0.00224504,844
7.83715,-0.542817,0.00772581,845
7.56547,2.14151,0.19993,846
7.86573,0.387121,0.0292778,847
7.89635,-0.0691622,0.0339361,848
7.89935,-0.181385,0.0520795,849
7.7061,1.83421,0.0133121,850
7.92038,0.267972,0.029382,851
7.90414,0.637777,0.0221306,852
7.93597,-0.116007,0.0193466,853
7.93713,-0.29504,0.0443676,854
7.82847,1.40686,0.0412745,855
7.89451,1.1508,0.0121838,856
7.6363,2.4093,0.0174483,857
8.04139,0.125832,0.0339161,858
8.05538,-0.304728,0.0170001,859
8.08289,-0.103548,0.0373191,860
7.66094,2.60821,0.000352873,861
7.25775,3.58408,0.0161508,862
7.24323,3.61602,0.0634175,863
8.04028,0.963051,0.0166373,864
7.78076,2.26298,0.017852,865
8.0844,0.633925,0.0233576,866
7.59051,2.90354,0.00352323,867
7.9213,1.83202,0.0267138,868
7.779,2.3678,0.000467401,869
8.15488,-0.322699,0.0347365,870
8.17063,0.0641961,0.0746039,871
8.09524,1.34092,0.0200934,872
8.2182,-0.0759053,0.0247477,873
8.22963,-0.0459854,0.0184336,874
7.33451,3.73949,0.135991,875
8.23644,-0.127334,0.0470493,876
8.23013,0.425074,0.0275381,877
8.14918,1.37255,0.0179341,878
7.63262,3.17395,0.004678,879
8.09853,1.65785,0.00680623,880
8.10401,1.67702,0.0261536,881
7.9101,2.43973,0.0210106,882
8.24865,0.786754,0.021686,883
7.48186,3.62102,0.0105238,884
8.25705,1.07554,0.0210456,885
8.32438,-0.264957,0.0396373,886
8.32646,-0.50671,0.0389673,887
7.38194,3.92775,0.0509411,888
7.38536,3.93708,0.116077,889
8.36106,-0.516321,0.0634857,890
7.62491,3.47734,0.0108392,891
8.09625,2.18962,0.0346998,892
8.32747,1.06739,0.0106131,893
7.90746,2.82896,0.00656022,894
7.46429,3.9492,0.00155339,895
8.35183,1.26879,0.0474775,896
7.58196,3.72711,0.0112931,897
8.15244,2.23064,0.0230929,898
7.51046,3.88068,0.0242393,899
7.42316,4.08765,0.0942411,900
8.46611,0.43571,0.027882,901
7.72163,3.53774,0.0145034,902
8.46463,0.70068,0.0235217,903
8.4447,0.959969,0.0200886,904
8.49938,-0.235791,0.0462937,905
8.15731,2.40782,0.00265143,906
8.50215,-0.264168,0.0491491,907
7.65515,3.71153,0.0962534,908
8.51296,0.0190777,0.0500951,909
8.42041,1.35044,0.0542026,910
8.53076,-0.237743,0.028511,911
7.87217,3.3305,0.00429728,912
8.55811,-0.0308784,0.0755169,913
7.70219,3.73286,0.0707622,914
8.56563,0.010056,0.029493,915
8.55324,-0.538512,0.0658143,916
8.57554,-0.516805,0.0365518,917
8.59694,0.188077,0.00472793,918
8.59782,-0.218031,0.053376,919
7.88091,3.44842,0.000125994,920
8.58611,-0.562271,0.12518,921
8.13997,2.79245,0.00946415,922
8.49971,1.36595,0.0541376,923
7.63285,4.00882,0.03612,924
7.81704,3.63923,0.0221017,925
8.62314,-0.0120275,0.126035,926
8.53688,1.24768,0.0370779,927
7.80151,3.6895,0.00936171,928
8.18007,2.75405,0.0056366,929
8.25843,2.51186,0.00501846,930
8.05724,3.10774,0.00825324,931
8.29668,2.43869,0.00308501,932
8.65369,-0.47322,0.0248829,933
7.91934,3.52747,-0.000809784,934
8.09017,3.11836,0.00643615,935
7.77244,3.8443,0.093245,936
8.52187,1.62721,0.0224261,937
8.63593,0.903708,0.0190137,938
8.44576,2.06947,0.0633208,939
7.80158,3.85719,-0.00109641,940
8.64179,1.04418,0.00315751,941
7.68723,4.08511,0.0525366,942
8.71152,0.104508,0.0120302,943
8.68607,0.676065,0.019792,944
8.70749,0.397132,0.00227751,945
8.64486,1.19335,0.0193943,946
8.75081,-0.492862,0.132496,947
7.96537,3.66768,0.026398,948
7.88046,3.85931,0.044718,949
8.78009,-0.481781,0.0877396,950
8.795,-0.185548,0.00832858,951
8.71805,1.19702,0.00505434,952
8.74132,1.0227,0.00258298,953
8.51911,2.2123,0.0366042,954
8.74438,1.05726,0.0163098,955
8.09617,3.48209,0.00574838,956
8.05873,3.59534,0.0296736,957
8.82471,-0.237914,0.0198542,958
8.81158,0.569722,0.00182726,959
7.84975,4.07127,0.00479676,960
8.63426,1.92127,0.0574811,961
8.17132,3.39852,0.00231224,962
8.85156,-0.197644,0.00898104,963
8.86175,-0.00819336,0.020756,964
8.86743,0.182349,0.00443138,965
8.42947,2.75949,0.00445937,966
8.11826,3.60412,0.00560276,967
8.88062,-0.413379,0.0993283,968
8.8874,-0.338883,0.0399979,969
8.89827,-0.0292264,0.0299158,970
8.31642,3.18687,0.00713558,971
8.87138,0.88365,0.0164027,972
8.93227,-0.112554,0.0332254,973
8.93059,-0.331855,0.046066,974
8.19778,3.59321,0.167802,975
8.68036,2.22434,0.0240433,976
8.91111,0.950322,-0.000765854,977
8.90289,1.04353,0.00173932,978
8.17915,3.68298,0.0244296,979
8.19253,3.65802,0.178333,980
8.94537,0.721542,0.00224558,981
8.60956,2.54567,0.00309023,982
8.94833,0.814748,0.0021257,983
8.53432,2.81324,0.0093513,984
9.00327,-0.104637,0.0376965,985
9.01016,-0.498667,0.037521,986
8.28228,3.5991,0.00418499,987
8.2922,3.59807,0.151306,988
8.27224,3.65566,0.011941,989
9.0346,-0.436228,0.0568824,990
8.97597,1.194,0.019698,991
8.33062,3.58737,0.0613065,992
9.06094,-0.472478,0.0462811,993
9.06508,0.401547,0.00387109,994
8.32823,3.64683,0.173197,995
8.74998,2.49076,0.00912622,996
9.0948,-0.266257,0.00701046,997
9.10483,0.101897,0.011316,998
8.3405,3.66005,0.178888,999
8.36676,3.62355,0.00425522,1000
8.38759,3.59806,0.0105109,1001
8.79297,2.54406,0.0170625,1002
9.04826,1.39271,0.0486117,1003
8.51178,3.40137,0.00650236,1004
9.18068,0.085419,0.00654416,1005
8.48484,3.54381,2.96627e-05,1006
8.78183,2.74041,0.00255664,1007
9.14503,1.03315,0.00355511,1008
8.96446,2.1875,0.020043,1009
9.2281,-0.301801,0.0203692,1010
9.19731,0.812481,0.00330202,1011
9.14323,1.29604,0.10512,1012
8.69215,3.12325,0.00712423,1013
9.24694,-0.0871644,0.0596703,1014
8.9349,2.38805,0.0161332,1015
8.48316,3.70051,0.0123309,1016
8.50091,3.66872,0.0197365,1017
8.59695,3.44682,-7.23007e-05,1018
8.55446,3.57741,0.0061473,1019
9.25192,0.675382,0.00289118,1020
8.64558,3.37948,-0.000269081,1021
8.98376,2.41905,0.0465063,1022
9.24024,1.24076,0.0334445,1023
9.24928,1.18727,0.032972,1024
9.33832,-0.522001,0.00284764,1025
9.11029,2.12011,0.0130751,1026
8.93436,2.77721,0.00109991,1027
8.97938,2.66706,0.0400631,1028
9.35896,0.411802,0.0280767,1029
9.03533,2.47148,0.191529,1030
9.37397,-0.194205,0.0459362,1031
8.9741,2.73166,0.0260511,1032
9.34344,0.903008,-0.000952366,1033
9.32806,1.05658,0.0165698,1034
9.38627,0.264936,0.0573756,1035
9.35162,0.951466,0.00267231,1036
8.66873,3.66391,0.00155257,1037
8.74595,3.48057,-0.000477906,1038
9.03511,2.6829,0.033477,1039
8.9015,3.12517,0.00121718,1040
8.68721,3.68544,0.00396782,1041
9.44795,0.0152728,0.0360127,1042
8.76187,3.55973,0.0405259,1043
8.83574,3.40424,-0.000264356,1044
9.46478,-0.385172,0.0393187,1045
9.48475,0.125465,0.0600908,1046
8.78622,3.61313,0.00168998,1047
8.93333,3.24854,-0.00224516,1048
9.47025,0.898904,0.0294275,1049
8.98512,3.1294,0.00752068,1050
8.89645,3.39445,0.00117316,1051
8.97632,3.23535,0.0018308,1052
9.0975,2.88097,0.00634609,1053
9.17649,2.65031,0.0153696,1054
9.08268,2.95878,-0.000552507,1055
9.52216,0.880861,0.0735331,1056
9.4781,1.28376,0.00565488,1057
9.50658,1.07274,0.0028884,1058
8.90109,3.51617,0.00723656,1059
9.54955,0.684846,0.0447993,1060
9.57056,0.630224,0.119191,1061
9.31865,2.27812,0.185148,1062
8.88139,3.65665,0.00773492,1063
9.59602,-0.676816,0.0337135,1064
9.05019,3.30548,0.00376632,1065
9.56726,1.18799,0.0249205,1066
8.97356,3.54028,0.0323706,1067
8.96011,3.61136,0.179461,1068
9.05262,3.53137,0.00917029,1069
9.17266,3.22136,0.0044784,1070
9.66076,1.09687,0.0520272,1071
9.3185,2.79126,0.00860056,1072
9.05416,3.58863,0.012547,1073
9.12773,3.45669,0.0260059,1074
9.25225,3.16602,-0.000268254,1075
9.39055,2.74682,-0.00316218,1076
9.30302,3.07834,0.00232181,1077
9.3879,2.87064,-0.00217336,1078
9.26526,3.35547,0.00817952,1079
9.50248,2.61321,0.030656,1080
9.23654,3.44511,0.010039,1081
9.51421,2.7254,0.0435728,1082
9.50183,2.91206,0.0103885,1083
9.24568,3.66713,0.122626,1084
9.38904,3.35965,0.0156283,1085
9.30355,3.6122,0.0129994,1086
9.27638,3.69715,0.0183454,1087
9.51167,3.19418,0.0127075,1088
9.67169,2.75934,0.140717,1089
9.70452,2.68202,0.0862261,1090
9.42691,3.56018,0.0146427,1091
9.65494,2.887,0.0210545,1092
9.45702,3.52232,0.0309008,1093
9.68587,2.9232,0.0697711,1094
9.62313,3.14385,0.0160604,1095
9.60404,3.43161,0.0508619,1096
10.1879,0.705082,0.108688,1097
9.56482,3.59458,0.0530054,1098
9.6313,3.4281,0.0457515,1099
9.56918,3.65054,0.0613343,1100
9.6846,3.38356,0.0672971,1101
9.75997,3.17637,0.185303,1102
9.77369,3.13558,0.16792,1103
9.81837,3.02365,0.0204869,1104
9.67383,3.5409,0.167697,1105
9.89664,3.16857,0.0500785,1106
10.0473,3.12669,0.114491,1107
10.2992,3.15071,0.0857249,1108
