Clusters: 32
Codebook: x,y,z,label
0.225391,-1.11933,0.263652,0
0.398353,-4.14841,0.0154727,1
-0.534818,-3.0935,0.118328,2
-0.419352,-1.64833,-0.00280902,3
-0.377279,-3.67719,0.042886,4
-0.472664,-2.43643,0.0795828,5
-0.282678,-3.99274,0.00020296,6
-0.261081,-3.43972,0.0108989,7
0.0417848,-0.877335,0.0610533,8
-0.634086,-2.01914,-0.00441056,9
0.346494,-3.88491,0.0124475,10
0.842811,-1.45874,0.0342787,11
0.104779,-4.15967,0.00372476,12
-0.012094,-3.57605,0.00600939,13
0.298032,-3.5342,0.0136165,14
0.240373,-3.08775,0.0153474,15
-0.0189285,-3.18799,0.00777245,16
-0.884407,-2.43556,0.197627,17
-0.19629,-4.20837,0.00105196,18
-0.337017,-3.14869,0.0493313,19
0.018266,-3.86539,0.00546497,20
-0.351245,-0.862902,0.0767417,21
-0.153847,-2.79892,0.00456451,22
0.60334,-1.38203,0.490714,23
0.61301,-2.30331,0.00933781,24
0.14036,-2.5201,0.00686101,25
-0.64115,-1.30442,0.14131,26
0.518799,-0.946839,0.0134213,27
0.536532,-2.83709,0.131683,28
0.934457,-2.81628,0.105239,29
-0.0442557,-2.06221,0.00173782,30
1.0521,-2.00201,0.16432,31
Adjacency Matrix:
-1,-1,-1,-1,-1,-1,-1,-1,0.365128,-1,-1,-1,-1,-1,-1,-1,-1,-1,-1,-1,-1,-1,-1,0.513239,-1,-1,-1,0.422441,-1,-1,-1,-1,
-1,-1,-1,-1,-1,-1,-1,-1,-1,-1,0.268568,-1,0.294025,-1,-1,-1,-1,-1,-1,-1,0.473991,-1,-1,-1,-1,-1,-1,-1,-1,-1,-1,-1,
-1,-1,-1,-1,-1,-1,-1,0.454242,-1,-1,-1,-1,-1,-1,-1,-1,-1,-1,-1,0.216637,-1,-1,0.494836,-1,-1,-1,-1,-1,-1,-1,-1,-1,
-1,-1,-1,-1,-1,-1,-1,-1,-1,0.428497,-1,-1,-1,-1,-1,-1,-1,-1,-1,-1,-1,-1,-1,-1,-1,-1,0.433866,-1,-1,-1,0.558585,-1,
-1,-1,-1,-1,-1,-1,0.33218,0.266304,-1,-1,-1,-1,-1,0.380722,-1,-1,-1,-1,-1,-1,-1,-1,-1,-1,-1,-1,-1,-1,-1,-1,-1,-1,
-1,-1,-1,-1,-1,-1,-1,-1,-1,0.455239,-1,-1,-1,-1,-1,-1,-1,0.428332,-1,-1,-1,-1,0.488541,-1,-1,-1,-1,-1,-1,-1,-1,-1,
-1,-1,-1,-1,0.33218,-1,-1,-1,-1,-1,-1,-1,-1,-1,-1,-1,-1,-1,0.232297,-1,0.326821,-1,-1,-1,-1,-1,-1,-1,-1,-1,-1,-1,
-1,-1,-1,-1,0.266304,-1,-1,-1,-1,-1,-1,-1,-1,0.283909,-1,-1,-1,-1,-1,0.303211,-1,-1,-1,-1,-1,-1,-1,-1,-1,-1,-1,-1,
0.365128,-1,-1,-1,-1,-1,-1,-1,-1,-1,-1,-1,-1,-1,-1,-1,-1,-1,-1,-1,-1,0.393608,-1,-1,-1,-1,-1,0.484399,-1,-1,-1,-1,
-1,-1,-1,0.428497,-1,0.455239,-1,-1,-1,-1,-1,-1,-1,-1,-1,-1,-1,0.5262,-1,-1,-1,-1,-1,-1,-1,-1,-1,-1,-1,-1,-1,-1,
-1,0.268568,-1,-1,-1,-1,-1,-1,-1,-1,-1,-1,-1,-1,0.354045,-1,-1,-1,-1,-1,0.328882,-1,-1,-1,-1,-1,-1,-1,-1,-1,-1,-1,
-1,-1,-1,-1,-1,-1,-1,-1,-1,-1,-1,-1,-1,-1,-1,-1,-1,-1,-1,-1,-1,-1,-1,0.521117,-1,-1,-1,0.606182,-1,-1,-1,0.596534,
-1,0.294025,-1,-1,-1,-1,-1,-1,-1,-1,-1,-1,-1,-1,-1,-1,-1,-1,0.304993,-1,0.306743,-1,-1,-1,-1,-1,-1,-1,-1,-1,-1,-1,
-1,-1,-1,-1,-1,-1,-1,0.283909,-1,-1,-1,-1,-1,-1,0.313028,-1,-1,-1,-1,-1,0.290932,-1,-1,-1,-1,-1,-1,-1,-1,-1,-1,-1,
-1,-1,-1,-1,-1,-1,-1,-1,-1,-1,0.354045,-1,-1,0.313028,-1,-1,-1,-1,-1,-1,0.433612,-1,-1,-1,-1,-1,-1,-1,-1,-1,-1,-1,
-1,-1,-1,-1,-1,-1,-1,-1,-1,-1,-1,-1,-1,-1,0.450168,-1,0.278107,-1,-1,-1,-1,-1,-1,-1,-1,-1,-1,-1,0.40506,-1,-1,-1,
-1,-1,-1,-1,-1,-1,-1,0.349303,-1,-1,-1,-1,-1,-1,-1,0.278107,-1,-1,-1,0.32319,-1,-1,-1,-1,-1,-1,-1,-1,-1,-1,-1,-1,
-1,-1,0.749262,-1,-1,0.428332,-1,-1,-1,0.5262,-1,-1,-1,-1,-1,-1,-1,-1,-1,-1,-1,-1,-1,-1,-1,-1,-1,-1,-1,-1,-1,-1,
-1,-1,-1,-1,-1,-1,0.232297,-1,-1,-1,-1,-1,0.304993,-1,-1,-1,-1,-1,-1,-1,0.404587,-1,-1,-1,-1,-1,-1,-1,-1,-1,-1,-1,
-1,-1,0.216637,-1,-1,-1,-1,0.303211,-1,-1,-1,-1,-1,-1,-1,-1,0.32319,-1,-1,-1,-1,-1,-1,-1,-1,-1,-1,-1,-1,-1,-1,-1,
-1,-1,-1,-1,-1,-1,0.326821,-1,-1,-1,-1,-1,0.306743,0.290932,-1,-1,-1,-1,-1,-1,-1,-1,-1,-1,-1,-1,-1,-1,-1,-1,-1,-1,
0.658179,-1,-1,-1,-1,-1,-1,-1,0.393608,-1,-1,-1,-1,-1,-1,-1,-1,-1,-1,-1,-1,-1,-1,-1,-1,-1,0.532119,-1,-1,-1,-1,-1,
-1,-1,-1,-1,-1,-1,-1,-1,-1,-1,-1,-1,-1,-1,-1,-1,0.411815,-1,-1,0.397365,-1,-1,-1,-1,-1,0.405344,-1,-1,-1,-1,-1,-1,
0.513239,-1,-1,-1,-1,-1,-1,-1,-1,-1,-1,0.521117,-1,-1,-1,-1,-1,-1,-1,-1,-1,-1,-1,-1,-1,-1,-1,0.651418,-1,-1,-1,-1,
-1,-1,-1,-1,-1,-1,-1,-1,-1,-1,-1,-1,-1,-1,-1,-1,-1,-1,-1,-1,-1,-1,-1,-1,-1,0.519999,-1,-1,0.552932,-1,-1,0.554619,
-1,-1,-1,-1,-1,-1,-1,-1,-1,-1,-1,-1,-1,-1,-1,-1,-1,-1,-1,-1,-1,-1,0.405344,-1,0.519999,-1,-1,-1,-1,-1,0.493726,-1,
-1,-1,-1,0.433866,-1,-1,-1,-1,-1,0.729455,-1,-1,-1,-1,-1,-1,-1,-1,-1,-1,-1,0.532119,-1,-1,-1,-1,-1,-1,-1,-1,-1,-1,
0.422441,-1,-1,-1,-1,-1,-1,-1,0.484399,-1,-1,0.606182,-1,-1,-1,-1,-1,-1,-1,-1,-1,-1,-1,-1,-1,-1,-1,-1,-1,-1,-1,-1,
-1,-1,-1,-1,-1,-1,-1,-1,-1,-1,-1,-1,-1,-1,-1,0.40506,-1,-1,-1,-1,-1,-1,-1,-1,-1,0.522511,-1,-1,-1,0.399344,-1,-1,
-1,-1,-1,-1,-1,-1,-1,-1,-1,-1,-1,-1,-1,-1,-1,0.750682,-1,-1,-1,-1,-1,-1,-1,-1,0.612914,-1,-1,-1,0.399344,-1,-1,-1,
-1,-1,-1,0.558585,-1,0.574132,-1,-1,-1,-1,-1,-1,-1,-1,-1,-1,-1,-1,-1,-1,-1,-1,-1,-1,-1,0.493726,-1,-1,-1,-1,-1,-1,
-1,-1,-1,-1,-1,-1,-1,-1,-1,-1,-1,0.596534,-1,-1,-1,-1,-1,-1,-1,-1,-1,-1,-1,-1,0.554619,-1,-1,-1,-1,0.824851,-1,-1,
