Clusters: 444
Codebook: x,y,z,label
Occupied Nodes: 276
6.28372,-3.28636,0.504498,0
0.649019,-1.08026,1.40264,1
0.359374,-2.48065,0.803248,2
6.85969,-3.03129,0.341738,3
5.25385,-2.91474,0.278842,4
1.2145,-5.5124,0.736608,5
10.9391,-2.04912,0.633748,6
9.17078,-7.87293,0.474036,7
4.47806,-0.690123,0.63044,8
-0.227866,-4.35318,0.30063,9
4.4192,-1.09874,0.467712,10
8.84868,-1.02581,1.50291,11
10.3064,-5.06004,0.399824,12
7.61582,-6.94617,0.703741,13
7.71731,-4.50557,0.373086,14
6.4906,-2.91675,0.305597,15
7.75276,-7.79151,0.642125,16
0.616237,-1.08028,0.79654,17
10.2869,-7.4551,0.387979,18
6.38848,-3.51954,0.679603,19
6.57946,-3.48296,0.485652,20
10.9824,-5.22236,0.500603,21
3.35702,-5.95821,0.491195,22
10.1237,-8.00244,0.561157,23
1.37987,-6.8836,0.467311,24
1.70791,-2.94436,0.528849,25
8.07216,-0.952351,1.33835,26
11.8173,-3.55485,0.327112,27
3.25008,-6.60391,0.525961,28
0.776556,-6.78045,0.478547,29
3.62999,-4.31983,0.450192,30
-2.49899,-2.41942,0.261778,31
7.39958,-3.0997,0.326269,32
10.9135,-8.82078,0.805604,33
9.51029,-4.40671,0.624617,34
4.37354,-1.49322,0.435702,35
7.47552,-3.49532,0.587697,36
8.88375,-8.16503,0.428215,37
10.5677,-1.63905,0.687834,38
7.60422,-4.04633,0.565503,39
3.93257,0.240034,2.64473,40
7.8774,-4.24487,0.906517,41
1.2304,-5.79629,0.590149,42
11.5874,-3.14231,1.5462,43
1.2127,-0.673827,1.57886,44
4.77957,-0.168827,1.55282,45
10.5702,-1.68933,1.07383,46
8.85932,-1.00219,0.481714,47
1.01234,-5.61381,0.442443,48
8.45414,-8.03911,0.339111,49
9.95419,-7.30758,0.36292,50
8.83655,-4.4782,1.03067,51
4.3982,-0.131505,0.385782,52
8.55099,-0.977088,1.31519,53
10.3807,-1.35193,0.518215,54
4.88386,-3.48676,0.567797,55
10.1391,-1.36491,1.65875,56
0.178677,-4.61312,0.454936,57
5.72377,-2.79276,0.354624,58
6.82622,-0.775461,0.761887,59
3.27116,-6.47751,0.319967,60
4.37769,-1.39565,0.760068,61
10.4877,-1.57192,1.40791,62
3.66596,-4.01628,0.406303,63
1.06213,-6.82926,0.470887,64
6.93225,-3.48024,0.468061,65
7.3904,-7.12482,0.772773,66
7.19128,-3.31844,0.46247,67
8.61824,-8.19539,0.526923,68
7.7581,-3.25948,0.452197,69
7.22788,-4.02874,0.447616,70
10.8076,-1.93051,0.390629,71
2.46714,-7.05017,0.509199,72
-0.270894,-3.73672,0.455226,73
9.11696,-1.11046,1.46232,74
2.08434,-0.892033,1.17341,75
5.82313,-3.35755,0.671305,76
2.07055,-6.97211,0.288313,77
3.82505,-3.41546,0.498817,78
10.9836,-8.11285,0.68559,79
1.75153,-6.94622,0.473086,80
7.3135,-6.8676,0.373811,81
9.51573,-7.29349,0.42775,82
0.403687,-4.71496,0.342586,83
1.23598,-2.88831,0.535744,84
8.66761,-5.11671,0.706924,85
5.49289,-3.19084,0.510786,86
9.08772,-8.28408,0.522467,87
9.62636,-1.1907,0.335601,88
1.88596,-2.4926,0.637428,89
8.897,-1.03885,1.11325,90
8.49297,-0.991625,1.6694,91
11.252,-4.85617,0.602566,92
6.25195,-3.01062,0.423818,93
11.2235,-6.96439,0.445541,94
6.07277,-0.606463,0.564516,95
7.44727,-6.15006,0.487973,96
5.51804,-2.95304,0.520758,97
8.731,-4.76569,0.663141,98
9.9438,-1.21483,1.37433,99
3.74259,-3.74224,0.478387,100
10.8029,-2.00793,0.960134,101
4.11196,-3.34503,0.435803,102
11.1174,-7.37477,0.461764,103
11.3002,-6.53666,0.287617,104
7.14908,-3.92878,0.698555,105
1.05167,-4.80571,0.646085,106
9.20507,-7.16082,0.338735,107
10.4904,-7.83183,0.49268,108
11.705,-4.28059,0.260779,109
6.46863,-0.719644,0.635482,110
0.0600468,-6.17857,0.491422,111
0.218526,-6.68409,0.450644,112
2.74814,-7.09217,0.440547,113
8.15779,-0.971875,1.65218,114
4.24635,-0.0664603,2.01743,115
2.10612,-6.98388,0.540366,116
5.12945,-3.44855,0.364641,117
10.087,-5.03336,0.713668,118
3.38857,-5.61366,0.308364,119
4.69246,-3.46558,0.31436,120
3.2229,0.17,0.582068,121
0.84369,-4.70262,0.419175,122
7.29137,-7.1054,0.374508,123
8.42695,-7.80684,0.559752,124
5.72537,-3.21783,0.47267,125
6.8675,-3.97333,0.38446,126
5.45873,-3.36184,0.703863,127
10.6373,-1.81371,1.42252,128
10.4274,-4.6851,0.625214,129
9.84934,-4.74281,0.85434,130
8.14844,-7.99476,0.534607,131
9.02653,-1.0468,0.77705,132
7.35795,-6.64441,0.514941,133
10.0668,-4.52674,0.301685,134
3.52403,-4.98578,0.544761,135
7.29301,-4.027,0.600431,136
1.13492,-4.777,0.375765,137
6.75434,-3.59585,0.679962,138
7.88861,-7.71727,0.456766,139
7.36671,-6.60634,0.275388,140
4.37193,-3.40231,0.458627,141
2.77212,0.164806,2.02492,142
0.310905,-1.4777,0.403176,143
9.79562,-8.15928,0.543192,144
10.206,-1.45217,1.13066,145
7.35019,-6.89193,0.65294,146
8.80113,-4.36776,0.625094,147
1.15266,-0.690735,1.1019,148
7.70302,-6.97466,0.582745,149
2.00361,-1.03482,0.343418,150
7.48527,-5.89299,0.549373,151
7.68107,-5.07594,0.45598,152
1.29048,-5.18536,0.731447,153
7.61194,-5.33526,0.511202,154
7.89532,-4.24112,1.34713,155
0.477645,-1.19905,0.291408,156
1.96775,-2.55003,0.286403,157
6.67371,-3.88938,0.632947,158
3.40315,-5.66787,0.532134,159
0.497894,-6.72897,0.402412,160
3.70946,-3.53708,0.308843,161
0.208303,-2.62527,0.593774,162
4.78087,-0.182652,2.08398,163
10.818,-2.04809,1.6273,164
1.34554,-2.23506,0.633459,165
0.924418,-5.67468,0.75868,166
9.96936,-1.19691,0.703965,167
3.30767,-6.27099,0.530203,168
2.45273,0.10869,0.45591,169
1.19058,-0.713129,2.06052,170
9.54068,-4.83062,0.856056,171
10.1439,-8.52713,0.578933,172
2.45066,0.0212121,1.39301,173
3.59961,0.0684239,1.78803,174
7.39206,-3.92114,0.69403,175
8.60193,-0.902904,0.843293,176
3.4425,-5.24713,0.349595,177
5.37867,-2.77258,0.571489,178
1.14342,-5.0024,0.449267,179
9.99634,-1.14795,0.339418,180
7.59821,-7.23399,0.754838,181
3.36044,-5.91934,0.253407,182
6.04282,-2.84101,0.312604,183
3.51669,-4.81212,0.327438,184
1.14973,-0.697945,0.620904,185
3.47623,-5.03141,0.318718,186
2.10558,-0.890466,1.60362,187
11.0824,-7.60205,0.695559,188
7.29786,-0.965255,0.309523,189
1.39808,-5.02415,0.40828,190
8.69134,-5.1655,1.216,191
7.39804,-6.39084,0.46823,192
3.87362,0.00811065,0.615404,193
7.91975,-7.89389,0.723176,194
7.85195,-4.11041,0.649798,195
9.61878,-1.18371,1.42747,196
7.48972,-7.62278,0.28206,197
3.31099,-6.21439,0.293493,198
3.54983,0.0730341,2.22695,199
6.57759,-3.18838,0.428551,200
7.85806,-4.26031,1.18447,201
3.1978,-6.89875,0.502602,202
9.92635,-1.19856,1.0761,203
9.42214,-4.84768,0.464427,204
3.30604,0.146351,1.24358,205
3.43857,-5.38494,0.500952,206
7.58621,-0.671284,0.60665,207
7.74544,-7.87086,0.821349,208
11.3812,-6.00286,0.27563,209
6.56266,-3.92664,0.324173,210
0.305554,-2.23227,0.805835,211
3.56777,-4.62674,0.475083,212
9.90522,-1.22043,1.63184,213
7.83405,-4.09588,0.799824,214
5.20074,-3.23175,0.514097,215
9.37191,-1.17445,1.44576,216
5.98816,-3.14824,0.511273,217
9.06343,-7.68733,0.344916,218
0.663502,-2.71459,0.642203,219
4.64832,-0.119723,1.02104,220
10.5911,-1.76371,1.68263,221
1.01148,-5.19514,0.760522,222
3.04434,-7.13163,0.517485,223
5.46096,-0.254907,0.716425,224
2.37646,-7.02451,0.287494,225
7.67447,-4.81451,0.457628,226
4.6117,-3.43595,0.532973,227
6.07953,-3.44974,0.701223,228
0.659519,-1.09914,1.99755,229
11.0202,-7.80693,0.540196,230
9.24951,-1.08979,0.325345,231
5.24597,-2.99769,0.521331,232
1.02653,-5.26431,0.409536,233
7.83947,-4.24994,0.518051,234
6.97906,-3.9928,0.569863,235
10.6851,-4.95725,0.686095,236
0.920074,-5.43599,0.759883,237
10.4124,-1.47876,1.66116,238
3.06968,-7.11894,0.318841,239
7.55991,-3.19579,0.554243,240
5.1447,-3.45156,0.575158,241
9.94346,-4.48883,0.692507,242
9.37798,-8.35528,0.53103,243
11.4696,-5.37034,0.499997,244
7.49264,-5.91645,0.312985,245
10.5731,-9.91589,0.770563,246
2.14853,-0.854456,0.705051,247
4.12806,-0.0102316,1.34769,248
8.74094,-4.82838,1.23181,249
7.99524,-0.781398,0.818143,250
11.741,-3.29439,0.988069,251
9.13881,-7.38747,0.340819,252
10.7056,-7.45774,0.300642,253
7.53883,-5.62334,0.438173,254
7.80628,-4.12997,0.309094,255
8.86288,-4.51227,1.40733,256
0.252025,-1.82947,0.402529,257
9.71342,-8.41921,0.548003,258
9.38267,-7.60932,0.493258,259
9.66928,-7.49903,0.493173,260
5.36409,-2.72795,0.326436,261
11.4829,-2.91837,0.9508,262
10.8755,-8.48211,0.622617,263
9.46162,-1.13148,1.03865,264
9.76563,-7.94445,0.525556,265
0.956399,-5.89468,0.611328,266
5.1481,-0.288763,1.94998,267
3.20985,-6.77701,0.257927,268
9.54741,-1.14205,0.698953,269
8.3355,-0.842877,0.452952,270
-0.128829,-6.60462,0.388693,271
7.19624,-3.66025,0.674967,272
9.79529,-4.95964,0.391853,273
9.11924,-4.37424,0.721539,274
10.8278,-2.05462,1.26105,275
Free Nodes:168
0.996985,-2.03915,0.026411,0
2.70679,-3.69421,0.0117404,1
-2.41956,-1.43298,0.213805,2
8.27898,-1.62128,0.0110732,3
2.33857,-5.67393,0.00656405,4
-0.898723,-1.71084,-0.0679763,5
6.52222,-1.97304,1.99888e-06,6
2.27908,-6.00696,0.0127044,7
1.16872,-1.6187,0.0193466,8
7.97218,-3.64365,0.00229692,9
1.89128,-4.85975,0.00577578,10
3.31981,-2.26977,0.00517512,11
4.40918,-1.89696,0.00947046,12
-2.85544,-3.74033,0.222914,13
10.0939,-2.44464,0.0060827,14
7.15133,-1.47436,0.0048304,15
2.734,-5.6462,0.00921416,16
1.47227,-3.86685,0.0156199,17
5.8188,-1.15196,0.0095612,18
2.94261,-6.09759,0.0136091,19
1.98843,-6.15607,0.0022478,20
4.50281,-2.41176,0.0138557,21
9.52446,-2.25961,0.0113708,22
8.64732,-1.89299,0.0100077,23
-1.54806,-1.93677,0.171077,24
3.88698,-3.01143,0.0177988,25
2.35302,-4.91717,0.0179722,26
1.77317,-4.32555,0.0112729,27
8.29339,-2.72267,0.00779493,28
8.81734,-3.22132,0.0116306,29
7.61805,-2.67689,0.00241484,30
2.62517,-4.53765,0.0132612,31
8.96619,-3.59454,0.0102574,32
10.8691,-3.77923,0.00343724,33
8.74234,-3.97363,0.0099781,34
2.62546,-5.24636,0.0108096,35
5.36426,-1.96626,0.00345701,36
1.57328,-1.18283,0.0129552,37
8.70469,-7.1577,0.00240873,38
0.838421,-3.19849,0.00405278,39
2.22962,-1.88172,0.0100651,40
3.66948,-0.324125,0.0740332,41
9.37105,-6.15477,0.00689138,42
8.23351,-2.18244,0.00919831,43
9.82476,-2.74932,0.00464183,44
9.2142,-1.77799,0.0180145,45
2.29867,-4.04402,0.015659,46
-0.13632,-2.01627,-0.0344414,47
5.90809,-2.24987,0.000325004,48
8.02063,-7.37408,0.00914029,49
1.79211,-6.53677,0.0082697,50
6.41058,-2.3619,-0.000474384,51
2.97937,-1.92378,0.00938819,52
2.47175,-2.64804,0.0124471,53
7.7625,-6.48857,0.00215973,54
2.96696,-5.27739,0.0107391,55
-0.770739,-2.74257,-0.00947439,56
3.2789,-3.68813,0.0221499,57
10.7703,-4.49996,0.0545515,58
10.3893,-7.10521,0.00712219,59
8.39755,-7.39114,0.00798703,60
9.5197,-6.57985,0.00233115,61
8.27075,-4.75036,0.00541658,62
2.75024,-3.16167,0.0133079,63
9.3142,-3.35008,0.0112906,64
2.16585,-4.48425,0.0101056,65
2.32401,-3.07776,0.0107542,66
3.59516,-0.944097,0.0124041,67
3.08863,-4.01003,0.0192618,68
6.88955,-2.48429,0.00161547,69
4.85672,-2.01104,0.00896194,70
10.6599,-5.86586,0.00482754,71
10.0863,-6.35911,0.0114456,72
4.57277,-2.90615,0.0176237,73
0.73559,-1.67992,0.0351353,74
3.07644,-4.70406,0.0154547,75
-1.35611,-3.69574,-0.0723332,76
3.96438,-1.84433,0.0120394,77
-1.75603,-3.00485,-0.0853482,78
2.41659,-2.21054,0.00695441,79
5.42449,-0.81941,0.0162613,80
8.53156,-6.51545,0.0277321,81
4.04844,-2.31359,0.00517007,82
6.04852,-1.799,0.00214761,83
3.65076,-2.63025,0.00545097,84
9.84868,-1.86187,0.0140561,85
6.29065,-6.72817,-0.0589775,86
10.7237,-2.78327,0.0036363,87
4.93681,-2.53999,0.011033,88
-0.54303,-6.26998,0.242205,89
2.35488,-6.42282,0.0190575,90
10.311,-3.30063,0.00158312,91
6.9062,-1.86421,0.000402172,92
7.83416,-2.32473,0.00721028,93
2.75012,-1.59689,0.00706059,94
7.88036,-1.72522,0.00789568,95
2.78654,-2.16998,0.00637526,96
3.27853,-1.77698,0.00966722,97
9.11445,-5.23157,0.0169812,98
8.68315,-1.40207,0.0192465,99
8.61687,-2.45493,0.00714637,100
7.32243,-2.31345,0.00451744,101
1.89343,-3.86073,0.0161404,102
10.7595,-6.53007,0.00747181,103
5.02024,-1.40877,0.0245141,104
3.69829,-2.14826,0.0090736,105
1.28835,-6.42548,0.00405265,106
-0.176081,-1.37571,-0.0712489,107
3.0464,-2.79032,0.0121903,108
9.74756,-5.87691,0.020716,109
3.97951,-1.23202,0.014398,110
7.98867,-2.8277,0.00962375,111
3.60487,-1.57064,0.00724723,112
6.24562,-1.4252,0.00204468,113
8.19465,-3.26361,0.0116429,114
8.66087,-2.88512,0.00785103,115
2.76562,-4.96294,0.0171173,116
3.21743,-4.37185,0.0138978,117
1.53752,-1.88459,0.005251,118
1.1503,-4.03276,0.0114943,119
9.10522,-2.56404,0.00815229,120
0.649179,-3.60399,0.00437419,121
2.72019,-4.1542,0.01365,122
9.89929,-6.96041,0.00670234,123
1.91299,-3.37136,0.0117582,124
3.51698,-3.08575,0.0157935,125
0.060592,-3.26995,0.00259568,126
4.15417,-2.74651,0.0102791,127
9.82312,-5.4835,0.0196911,128
5.44859,-2.35762,0.00211851,129
1.90681,-1.52731,0.00356393,130
8.28946,-4.01308,0.00480457,131
9.1111,-5.60055,0.0152185,132
2.91689,-0.720962,0.0119229,133
2.99078,-2.48288,0.0102721,134
2.32256,-3.56788,0.0136044,135
2.45026,-1.35726,0.00793721,136
1.38377,-4.35623,0.0143876,137
3.1097,-3.41025,0.0138923,138
9.58368,-3.87966,0.0403671,139
0.821919,-4.03977,0.0196321,140
7.96928,-5.95242,0.00315161,141
9.67529,-3.49057,0.0349345,142
8.94139,-2.18873,0.00920016,143
0.340575,-4.03171,0.0161351,144
6.66586,-1.2879,0.0015678,145
8.40406,-6.07766,0.0142176,146
2.63016,-6.08589,0.0127752,147
8.10674,-6.47481,0.00836585,148
8.44541,-5.63188,0.00768396,149
3.12107,-1.26306,0.00819099,150
8.07789,-5.30858,0.00151109,151
1.08717,-1.20201,0.0237543,152
2.36833,-5.34019,0.0127335,153
8.47036,-3.54683,0.0061005,154
9.19424,-3.95859,0.0198502,155
7.49124,-1.90381,0.00221143,156
8.76288,-6.04781,0.0195408,157
9.71844,-3.06055,0.00449468,158
5.57109,-1.58327,0.00531179,159
8.27862,-6.92845,0.0105302,160
0.888821,-6.27103,0.0128502,161
9.26184,-2.91459,0.0025319,162
2.85025,-6.54236,0.0117588,163
0.465154,-6.18749,0.0219162,164
3.19501,-3.07363,0.0140527,165
1.65566,-6.22592,-0.00070392,166
1.36045,-3.45191,0.012854,167
Adjacency List:
0:74,8,118,152,37,
1:135,122,138,68,63,
2:24,
3:95,23,99,43,93,
4:153,7,16,147,35,
5:24,107,47,56,
6:92,51,83,113,69,
7:20,4,147,90,16,
8:152,74,0,118,37,
9:114,131,154,111,34,
10:65,26,27,153,137,
11:134,105,52,84,97,
12:77,70,21,82,105,
13:78,
14:44,22,85,87,158,
15:92,145,156,95,6,
16:4,35,55,147,153,
17:119,102,167,137,27,
18:159,113,80,83,104,
19:147,163,16,7,90,
20:7,166,50,90,4,
21:88,82,127,73,12,
22:85,120,45,44,143,
23:143,3,99,43,100,
24:5,2,78,56,47,
25:127,125,84,73,165,
26:116,153,35,10,31,
27:137,65,102,10,17,
28:111,115,100,43,114,
29:115,32,154,64,162,
30:111,93,101,28,69,
31:122,116,65,26,75,
32:29,64,155,34,154,
33:58,91,87,142,139,
34:32,155,131,154,29,
35:153,116,55,16,26,
36:129,159,70,48,104,
37:130,152,8,118,136,
38:60,160,81,49,148,
39:121,167,126,140,119,
40:79,130,136,94,96,
41:67,133,110,150,112,
42:61,109,132,157,72,
43:93,100,23,28,3,
44:158,14,22,162,91,
45:143,22,23,85,99,
46:122,102,65,135,1,
47:107,5,74,56,0,
48:129,83,51,36,6,
49:60,160,38,148,54,
50:166,20,106,90,7,
51:6,69,48,83,92,
52:96,97,94,11,134,
53:79,66,134,96,63,
54:148,141,160,146,81,
55:35,116,16,75,153,
56:47,126,78,5,76,
57:138,68,1,165,125,
58:33,91,139,128,71,
59:123,103,72,61,71,
60:49,38,160,81,148,
61:42,123,72,109,157,
62:151,131,149,34,98,
63:66,138,165,108,1,
64:142,32,162,158,29,
65:27,46,31,10,26,
66:63,53,135,124,1,
67:110,150,112,41,133,
68:57,117,122,1,138,
69:101,51,92,6,30,
70:12,36,21,88,104,
71:103,72,109,128,59,
72:109,61,123,103,42,
73:127,21,88,25,82,
74:8,0,152,118,47,
75:117,116,31,55,122,
76:78,56,126,
77:105,12,112,82,110,
78:76,56,24,13,
79:96,40,53,52,134,
80:18,104,159,113,36,
81:148,146,160,157,38,
82:105,127,21,77,84,
83:113,48,6,159,51,
84:25,125,105,11,82,
85:22,14,45,44,143,
86:
87:91,14,44,33,158,
88:21,73,70,129,36,
89:164,161,
90:7,147,20,163,50,
91:158,87,142,44,33,
92:6,15,156,101,69,
93:30,43,101,111,156,
94:136,52,150,97,96,
95:3,156,43,93,15,
96:52,79,134,11,53,
97:52,112,11,150,94,
98:132,128,149,157,109,
99:3,23,45,143,95,
100:143,28,115,43,120,
101:156,69,30,93,92,
102:17,46,27,124,135,
103:71,59,72,123,109,
104:159,70,36,80,12,
105:82,11,77,84,97,
106:166,161,50,20,164,
107:47,5,74,152,0,
108:134,165,63,125,11,
109:128,42,72,132,61,
110:67,112,77,12,150,
111:28,30,114,93,115,
112:97,77,110,150,105,
113:83,145,18,6,159,
114:154,9,111,28,115,
115:29,28,100,120,114,
116:35,55,75,26,31,
117:75,68,122,31,57,
118:8,130,0,40,37,
119:140,17,137,167,121,
120:162,143,100,22,115,
121:39,140,144,119,126,
122:31,68,46,1,117,
123:59,61,72,103,42,
124:135,102,66,167,17,
125:165,25,84,138,108,
126:121,39,144,56,140,
127:25,82,73,21,84,
128:109,132,98,42,72,
129:36,48,88,70,159,
130:40,37,118,136,8,
131:34,9,154,62,114,
132:98,157,42,149,109,
133:150,67,136,41,94,
134:108,96,11,53,52,
135:1,124,46,66,102,
136:94,40,130,150,52,
137:27,119,17,140,102,
138:57,165,63,1,125,
139:155,142,64,32,158,
140:119,121,144,137,17,
141:146,148,149,54,151,
142:64,139,158,91,155,
143:120,23,100,45,22,
144:140,121,119,126,39,
145:113,15,92,6,83,
146:157,149,141,81,148,
147:19,7,90,16,4,
148:54,81,160,146,141,
149:146,151,157,141,132,
150:94,97,67,112,133,
151:149,62,141,146,157,
152:8,37,74,118,0,
153:35,4,26,16,116,
154:114,29,32,131,34,
155:139,32,34,64,142,
156:95,101,93,15,92,
157:146,81,149,132,42,
158:44,142,162,64,91,
159:36,18,83,104,113,
160:60,38,81,148,49,
161:106,164,166,50,20,
162:120,64,158,29,44,
163:19,147,90,7,16,
164:161,106,89,166,50,
165:108,125,138,63,57,
166:50,20,106,7,90,
167:17,124,39,119,102,
