Clusters: 151
Codebook: x,y,z,label
-0.30031,-9.36542,0.00467397,0
11.7334,-0.805056,0.0606652,1
1.43007,-1.9159,0.143251,2
15.3482,-2.88953,0.0139131,3
14.9437,-5.29351,0.0128784,4
0,0,0,5
2.74004,-1.5447,0.0411494,6
7.79535,-7.74152,0.117715,7
4.99138,-8.39105,0.00804919,8
8.73256,-1.729,0.0264708,9
0,0,0,10
10.9659,-12.8659,0.0841366,11
0,0,0,12
0,0,0,13
0,0,0,14
14.413,-5.02851,-0.00365127,15
9.98205,-11.9647,0.0330815,16
0,0,0,17
4.72348,-4.38899,0.0484929,18
0,0,0,19
14.2324,-7.32972,0.00591086,20
9.9932,-5.33252,0.0859926,21
-1.03804,-2.31774,-0.00877171,22
9.26924,-6.60856,0.0888231,23
1.91118,-10.5862,0.00173904,24
14.0295,-4.53542,-0.0230203,25
1.20304,-3.87515,0.0266287,26
4.67293,-9.4798,0.0202274,27
2.68282,-10.4151,-0.00189521,28
0,0,0,29
-0.48105,-3.5972,0.141022,30
5.91339,-6.64844,-0.0308861,31
-2.48694,-3.46301,0.0946207,32
4.01296,-9.20652,0.0550914,33
5.14987,-10.0017,0.021931,34
2.73386,-4.33124,0.036058,35
0,0,0,36
0,0,0,37
0,0,0,38
10.2631,-6.31927,0.0159521,39
0,0,0,40
0,0,0,41
0,0,0,42
15.155,-6.65014,0.0355058,43
7.10816,-2.72121,0.0732712,44
3.06446,-5.75216,0.0945433,45
4.43254,-2.39909,0.0391186,46
6.19004,-1.51221,0.0389166,47
0,0,0,48
0.37192,-9.98112,-0.00137912,49
3.05854,-3.383,0.0766006,50
0,0,0,51
5.91032,-8.62548,-0.0229478,52
8.36488,-5.93237,0.0360749,53
0,0,0,54
2.27215,-9.98307,-0.00427616,55
4.78469,-5.35779,-0.0472653,56
13.8698,-9.03942,0.0410233,57
0,0,0,58
5.05845,-7.59459,3.56942e-05,59
1.24621,-10.1621,-0.0050085,60
5.52771,-4.52529,-0.0725009,61
13.7614,-6.48681,-0.0248058,62
5.29259,-9.52315,0.0119681,63
9.04229,-11.552,0.00613678,64
0,0,0,65
0,0,0,66
8.12672,-6.96472,0.0508151,67
4.08544,-8.3244,0.0245056,68
0,0,0,69
0,0,0,70
-0.843155,0.504991,0.0247715,71
8.54748,-12.0457,0.0216441,72
0,0,0,73
15.0599,-8.18754,0.029582,74
8.07383,-2.47474,0.0185772,75
8.23267,-10.9067,0.00690073,76
1.11275,-9.60418,-0.0075267,77
5.35686,-7.12003,-0.00600711,78
5.53782,-7.83214,0.00185499,79
10.6965,-3.38978,0.0899722,80
11.6136,-1.72579,0.0600998,81
2.32047,-2.53134,0.0878383,82
14.4892,-9.29796,0.047488,83
9.98185,-11.1456,0.0299166,84
0,0,0,85
0,0,0,86
12.8897,-11.937,0.0830818,87
12.1756,-1.05772,0.0654427,88
6.36566,-7.38496,0.0102028,89
4.35453,-9.99958,0.0234248,90
13.9238,-5.28686,-0.0150378,91
11.8522,-12.2548,0.0671766,92
5.63812,-9.04882,0.00311536,93
-0.0261617,-0.930788,0.00955458,94
0,0,0,95
0,0,0,96
3.39889,-10.4993,-0.0078626,97
5.70981,-3.86514,0.0962809,98
7.82308,-5.07338,0.131676,99
12.034,0.241173,0.0146002,100
0,0,0,101
14.354,-3.82606,-0.0200663,102
0,0,0,103
2.20503,-3.62408,0.0367476,104
4.80051,-8.92745,0.0102134,105
5.8893,-7.29579,-0.0361593,106
14.0461,-5.79679,-0.007816,107
6.68623,-6.26192,0.00875574,108
0,0,0,109
0,0,0,110
8.43728,-3.42001,0.0173302,111
14.4523,-3.11713,-0.0176245,112
5.73761,-2.214,0.0366069,113
2.55179,-5.10006,0.0478619,114
0,0,0,115
8.54918,-11.1636,-0.000414799,116
0,0,0,117
4.24885,-10.7083,0.0193658,118
4.45607,-6.16572,-0.0136073,119
0,0,0,120
9.25257,-2.67433,0.0290708,121
-1.31774,-8.96956,-0.00430542,122
0,0,0,123
0,0,0,124
7.14151,-1.88305,0.038511,125
10.4236,-2.54475,0.100073,126
6.00251,-8.02413,-0.0278226,127
14.4033,-6.40905,0.000974667,128
0,0,0,129
13.915,-11.2043,0.0852647,130
0,0,0,131
0,0,0,132
0,0,0,133
12.5899,0.690745,0.0271842,134
0,0,0,135
5.48841,-8.48974,0.00400954,136
2.08875,-5.80371,0.0567349,137
4.72792,-7.97779,0.0107161,138
9.82931,-1.90939,0.117652,139
12.8927,-1.73028,0.0489184,140
6.46253,-5.12847,-0.00176767,141
9.57044,-3.41962,0.0422277,142
3.93067,-1.38494,0.106658,143
0,0,0,144
3.40336,-2.52294,0.0447972,145
2.83099,-6.405,0.135178,146
14.3553,-8.91083,0.029526,147
0,0,0,148
10.8916,-11.3355,0.0253069,149
0,0,0,150
Adjacency List:
0:49,122,77,
1:88,81,100,140,
2:82,6,
3:112,102,
4:15,91,107,25,128,
5:123,29,120,117,36,
6:82,145,143,2,
7:67,89,
8:138,136,105,79,59,
9:75,121,139,
10:123,29,120,117,36,
11:92,16,
12:123,29,120,117,36,
13:123,29,120,117,36,
14:123,29,120,117,36,
15:91,4,25,107,102,
16:84,64,149,11,72,
17:123,29,120,117,36,
18:61,56,98,
19:123,29,120,117,36,
20:128,62,43,74,
21:39,23,
22:30,
23:39,53,67,21,
24:55,60,28,77,97,
25:15,91,102,4,107,
26:104,
27:105,90,63,34,33,
28:55,97,24,60,
29:123,29,120,117,36,
30:22,
31:106,78,108,89,79,
32:
33:27,105,90,68,8,
34:63,27,90,93,105,
35:114,104,50,45,
36:123,29,120,117,36,
37:123,29,120,117,36,
38:123,29,120,117,36,
39:21,23,
40:123,29,120,117,36,
41:123,29,120,117,36,
42:123,29,120,117,36,
43:128,20,4,107,62,
44:125,75,113,
45:146,114,137,119,35,
46:145,143,113,
47:113,125,
48:123,29,120,117,36,
49:77,60,0,
50:104,145,35,82,
51:123,29,120,117,36,
52:136,93,127,79,8,
53:99,67,23,
54:123,29,120,117,36,
55:28,24,60,77,97,
56:119,18,61,
57:147,83,74,
58:123,29,120,117,36,
59:138,79,78,8,106,
60:77,24,49,55,28,
61:98,18,141,56,
62:128,107,20,91,43,
63:34,93,27,105,136,
64:116,72,84,16,76,
65:123,29,120,117,36,
66:123,29,120,117,36,
67:7,53,23,
68:138,33,8,105,59,
69:123,29,120,117,36,
70:123,29,120,117,36,
71:54,29,120,117,36,
72:64,116,76,16,
73:123,29,120,117,36,
74:147,20,83,57,
75:9,44,111,125,121,
76:116,64,72,
77:60,49,55,24,0,
78:59,106,31,79,89,
79:127,59,106,136,78,
80:126,142,
81:88,1,140,126,
82:6,145,2,104,50,
83:147,57,74,
84:16,149,64,116,
85:123,29,120,117,36,
86:123,29,120,117,36,
87:92,130,
88:1,81,140,100,
89:106,127,31,79,78,
90:27,118,34,33,63,
91:107,15,25,4,62,
92:11,87,149,
93:52,136,63,105,8,
94:109,29,120,36,37,
95:123,29,120,117,36,
96:123,29,120,117,36,
97:28,118,90,55,33,
98:61,18,141,
99:53,141,
100:134,1,88,
101:123,29,120,117,36,
102:112,25,15,3,
103:123,29,120,117,36,
104:35,50,26,82,
105:27,8,63,136,33,
106:89,78,79,31,127,
107:91,128,62,15,4,
108:31,141,89,106,
109:123,29,120,117,36,
110:123,29,120,117,36,
111:75,121,142,
112:102,3,25,
113:47,46,125,44,
114:35,45,137,146,
115:123,29,120,117,36,
116:76,64,72,84,
117:123,29,120,117,36,
118:90,97,34,27,
119:56,78,45,
120:123,29,120,117,36,
121:142,139,9,111,126,
122:0,
123:123,29,120,117,36,
124:123,29,120,117,36,
125:44,47,75,113,
126:139,80,121,142,81,
127:79,52,136,89,106,
128:62,107,43,20,91,
129:123,29,120,117,36,
130:87,
131:123,29,120,117,36,
132:123,29,120,117,36,
133:123,29,120,117,36,
134:100,
135:123,29,120,117,36,
136:52,8,93,79,127,
137:114,146,45,
138:8,59,68,79,136,
139:126,121,9,
140:88,81,1,
141:61,108,99,98,
142:121,80,111,126,
143:46,6,145,
144:123,29,120,117,36,
145:50,46,82,6,143,
146:45,137,114,
147:83,57,74,
148:123,29,120,117,36,
149:84,16,92,
150:123,29,120,117,36,
