Clusters: 442
Codebook: x,y,z,label
Occupied Nodes: 252
10.5164,-1.63876,1.58711,0
10.8035,-2.02686,1.4655,1
4.67628,-0.156519,1.93491,2
3.96795,-0.00578476,2.03449,3
11.8717,-3.4397,0.498869,4
1.87677,-2.43732,0.736302,5
1.96958,-2.54684,0.503271,6
11.7355,-4.30945,0.355659,7
8.86091,-1.04057,1.5102,8
8.1956,-0.965628,1.50261,9
7.42527,-0.631836,0.632781,10
6.52756,-0.726327,0.738129,11
11.5466,-3.07732,1.53315,12
11.6745,-3.23548,1.14104,13
-0.265857,-3.73927,0.530248,14
11.5099,-2.94006,0.724407,15
4.80756,-0.16247,1.28183,16
4.13715,-0.0111543,1.35465,17
3.05732,0.166498,2.03561,18
2.4225,0.0529964,1.73477,19
3.52699,0.0853767,1.53364,20
3.07304,0.176807,1.15945,21
4.35978,-0.0553598,0.813879,22
4.23315,-0.0649384,0.325915,23
9.98941,-1.25987,1.54233,24
9.49666,-1.17133,1.35914,25
11.4877,-5.04749,0.619161,26
11.1783,-5.23711,0.544484,27
1.1386,-4.918,0.479134,28
1.37377,-5.03084,0.3873,29
10.5832,-1.70344,1.11417,30
10.5716,-1.64245,0.683696,31
1.16747,-6.84513,0.471643,32
0.955749,-6.81091,0.279153,33
7.54086,-5.61446,0.434954,34
7.49058,-5.89542,0.458672,35
11.2831,-6.7042,0.365089,36
11.1645,-7.21129,0.286919,37
5.25949,-3.22217,0.618943,38
5.20368,-3.16256,0.347353,39
5.88594,-0.436514,0.599255,40
8.36967,-7.7952,0.557982,41
8.43432,-8.01626,0.408403,42
1.02285,-5.54427,0.752794,43
1.04758,-5.79063,0.733552,44
2.5594,-7.04896,0.269718,45
11.4696,-5.58454,0.32568,46
11.375,-6.17074,0.331897,47
10.1418,-7.99224,0.558113,48
9.79077,-8.08307,0.538753,49
2.44078,0.109456,0.666727,50
0.275837,-2.39622,0.801373,51
0.149644,-2.62428,0.497924,52
9.23776,-7.22645,0.362915,53
1.28831,-5.24512,0.728615,54
0.952438,-5.30006,0.760394,55
7.12616,-3.07672,0.342174,56
7.00326,-3.42472,0.450891,57
3.67465,-4.06328,0.49705,58
3.64457,-4.1771,0.272694,59
8.07382,-0.782252,0.732099,60
7.74259,-0.70827,0.589909,61
4.51002,-0.507752,0.575822,62
10.8426,-2.0411,0.797651,63
11.0427,-1.98786,0.373086,64
10.9702,-4.86164,0.755713,65
10.987,-4.80749,0.38176,66
10.0413,-4.5615,0.785078,67
9.55631,-4.41284,0.730886,68
7.68317,-5.01485,0.525436,69
7.66888,-5.10053,0.312265,70
3.65024,0.0508165,0.696206,71
3.05693,0.153646,0.332204,72
8.93876,-8.08426,0.343728,73
7.84965,-4.19232,0.475047,74
7.72871,-4.43714,0.27897,75
8.83796,-4.54763,1.3114,76
8.79636,-4.54886,0.906767,77
10.5801,-9.91055,0.777683,78
10.5696,-9.91856,0.767003,79
1.09041,-2.88486,0.353806,80
-0.204996,-4.05173,0.27256,81
1.19533,-0.702464,1.91552,82
0.6544,-1.09831,1.88211,83
1.79954,-2.87561,0.697402,84
1.66138,-2.98339,0.462908,85
1.16799,-0.683463,1.14187,86
1.22122,-0.681151,0.351941,87
6.66328,-3.01948,0.380864,88
0.272826,-1.64422,0.490714,89
10.6362,-7.46572,0.382089,90
10.1782,-7.40925,0.376805,91
0.771576,-0.98112,0.435162,92
4.69509,-3.45433,0.457364,93
4.37155,-3.4032,0.489817,94
4.14242,-3.35857,0.292606,95
2.12845,-0.873529,1.60635,96
2.04729,-0.926353,1.2513,97
2.90321,-7.11196,0.331752,98
2.71327,-7.08989,0.502087,99
10.5078,-4.76089,0.794832,100
10.1185,-5.02913,0.731854,101
3.21787,-6.79575,0.51028,102
1.0334,-5.3309,0.407904,103
8.71462,-4.84004,0.340173,104
1.39307,-2.2462,0.679738,105
1.45592,-2.25079,0.31924,106
7.38764,-6.452,0.522771,107
7.3583,-6.64224,0.339384,108
7.87243,-4.25138,1.1788,109
7.85115,-4.14507,0.766673,110
1.1271,-4.76192,0.377637,111
7.53711,-6.93819,0.680558,112
7.33533,-6.85881,0.621333,113
7.75495,-3.22034,0.472497,114
7.48753,-3.13483,0.452318,115
10.316,-5.01396,0.46599,116
10.0672,-5.11953,0.338746,117
9.31089,-7.70015,0.495656,118
9.07905,-7.85127,0.404798,119
8.77707,-4.45983,0.595835,120
1.37403,-2.94195,0.299408,121
6.93662,-3.61054,0.656716,122
6.9302,-3.96978,0.573519,123
10.3714,-1.34225,0.499337,124
3.51259,-4.95679,0.482523,125
3.45226,-5.16918,0.322775,126
7.30252,-3.67073,0.667116,127
7.26103,-3.98772,0.602497,128
9.65612,-4.80467,0.871542,129
9.4156,-4.85427,0.500284,130
9.44193,-8.38426,0.537283,131
9.23956,-8.30027,0.520603,132
0.017362,-6.63293,0.45384,133
-0.511145,-6.34094,0.254051,134
5.23569,-0.228569,0.596729,135
6.22727,-2.95254,0.382422,136
5.86939,-2.80148,0.299787,137
8.70455,-5.07368,1.21617,138
8.67069,-5.11412,0.773551,139
9.37384,-1.0925,0.822477,140
9.06721,-1.10791,0.418702,141
3.55558,-4.67055,0.457681,142
7.04682,-0.89714,0.322503,143
3.37374,-5.85017,0.498679,144
3.33472,-6.06077,0.448245,145
10.0538,-1.1745,0.393362,146
7.41923,-3.3556,0.529237,147
9.98643,-8.47767,0.581343,148
6.50483,-3.91884,0.436516,149
1.50316,-6.90737,0.480194,150
8.5764,-0.916938,0.921405,151
7.44631,-6.14135,0.514071,152
7.70491,-6.97792,0.674318,153
8.65897,-0.887533,0.470712,154
5.54355,-3.27512,0.570052,155
0.0344277,-6.16382,0.481821,156
9.05217,-4.36056,0.755175,157
5.09922,-3.4586,0.551415,158
1.92112,-2.78824,0.424233,159
4.47808,-1.46865,0.261784,160
0.788004,-2.8278,0.362343,161
2.23783,-0.8206,0.499956,162
7.56577,-1.05516,0.26662,163
1.05392,-5.028,0.755297,164
3.38275,-5.71736,0.361055,165
3.75839,-3.46036,0.384433,166
9.32369,-4.35863,0.457123,167
0.938781,-2.7749,0.668757,168
6.58734,-3.61456,0.707806,169
0.250874,-7.04218,0.563296,170
9.83188,-4.49422,0.498068,171
9.5926,-7.50446,0.491376,172
9.77314,-1.17402,0.835887,173
3.14249,-7.08825,0.351302,174
3.3056,-6.27442,0.478064,175
5.5225,-2.75853,0.466476,176
10.9539,-8.26523,0.682456,177
1.12051,-2.19497,0.674894,178
9.00105,-1.06472,1.11694,179
8.11213,-1.17464,0.256661,180
5.27397,-2.85537,0.468952,181
10.0076,-1.27552,1.10552,182
10.2395,-4.59719,0.541574,183
10.5577,-4.7339,0.467076,184
4.43743,-1.00604,0.597508,185
3.41645,-5.40579,0.33794,186
0.574796,-2.62023,0.786113,187
6.60701,-3.46226,0.474879,188
5.9853,-3.41744,0.69455,189
1.25254,-2.20793,0.531167,190
3.06792,-7.12427,0.542489,191
3.42218,-5.56087,0.535736,192
0.867927,-4.70674,0.453244,193
3.61376,-4.40606,0.454094,194
7.48225,-7.19413,0.765581,195
10.6667,-1.74408,0.315305,196
2.10448,-0.863495,0.898172,197
3.68661,-3.80261,0.33547,198
7.29759,-6.9967,0.337685,199
0.792364,-6.78273,0.520774,200
8.8932,-1.01467,0.703888,201
0.399206,-1.26806,0.533872,202
7.61274,-5.33437,0.496514,203
3.77983,-3.67962,0.537156,204
10.8499,-8.54761,0.625093,205
8.52041,-8.15246,0.304044,206
7.64077,-3.46488,0.537844,207
3.46539,-5.29017,0.543423,208
8.71937,-4.82167,0.656622,209
7.6959,-4.65212,0.496731,210
7.61145,-4.04462,0.541382,211
9.76905,-4.93219,0.434469,212
9.70079,-8.40501,0.542673,213
0.265348,-4.66528,0.450769,214
6.28903,-3.31883,0.534446,215
2.04054,-6.97368,0.483892,216
1.98536,-1.05037,0.389722,217
8.10306,-8.0561,0.516278,218
9.39884,-1.08945,0.286017,219
5.8817,-3.16194,0.491729,220
1.82616,-6.95399,0.323749,221
3.26339,-6.52236,0.463441,222
10.4899,-7.82452,0.489262,223
1.04443,-5.77797,0.448803,224
6.78962,-3.96046,0.357594,225
2.36459,-7.03201,0.467195,226
1.66041,-2.30037,0.614943,227
10.7223,-5.16115,0.684915,228
7.82735,-7.85335,0.713458,229
9.78525,-7.28334,0.387697,230
8.6562,-5.14721,0.427477,231
0.44831,-6.71764,0.412432,232
11.009,-7.96986,0.6327,233
5.10991,-3.46372,0.302949,234
0.5164,-2.70555,0.550712,235
10.6523,-5.18914,0.340113,236
4.37187,-1.44469,0.656485,237
8.7504,-8.20333,0.549233,238
8.9939,-8.28005,0.496658,239
1.34203,-2.90877,0.57977,240
0.242069,-1.91243,0.4789,241
7.83503,-7.68589,0.428333,242
-0.233455,-4.42752,0.428261,243
9.10431,-7.50566,0.342061,244
11.0666,-7.57619,0.562929,245
0.628961,-1.07744,1.09583,246
8.86642,-4.29597,0.446127,247
1.937,-2.40614,0.330972,248
3.98477,-3.33658,0.528594,249
5.50847,-3.00162,0.527516,250
9.63069,-1.19313,0.539876,251
Free Nodes:190
11.8166,-3.84897,0.245009,0
3.88106,-2.90308,0.0129757,1
3.36629,-2.98405,0.0133209,2
-0.941019,-3.43581,-0.0486725,3
-2.43611,-1.98997,0.248201,4
-2.84282,-3.61116,0.230093,5
8.27299,-1.48954,0.0147863,6
2.91113,-4.44576,0.0152531,7
2.69341,-4.99423,0.0154933,8
-0.863263,-1.54714,-0.0724483,9
-1.52758,-1.83926,0.196324,10
7.88262,-6.61858,0.00319188,11
2.54841,-2.72583,0.0128831,12
2.28508,-3.09364,0.0110036,13
6.29065,-6.72817,-0.0589775,14
7.54048,-1.82636,0.0021438,15
7.15124,-1.66306,0.00364009,16
10.7107,-2.42929,0.0082556,17
2.4538,-2.12595,0.0059949,18
1.94368,-6.54471,0.0158331,19
2.10905,-3.85618,0.0169025,20
1.99991,-4.25014,0.0103835,21
8.26931,-5.18535,0.00241179,22
3.22563,-1.3421,0.00861405,23
2.98193,-1.91182,0.00875296,24
4.64698,-1.90817,0.00868493,25
4.39834,-2.23924,0.0100553,26
11.0747,-5.83878,0.00353711,27
10.6563,-6.08207,0.00488243,28
8.4475,-3.87922,0.00320616,29
0.577214,-5.56452,0.0217361,30
10.521,-3.17864,0.00117004,31
10.098,-3.27114,0.00558052,32
8.33567,-5.54801,0.006322,33
8.02195,-5.65675,0.00287396,34
8.68985,-6.29512,0.0272155,35
8.37713,-6.54938,0.0203056,36
11.2649,-4.16331,0.00888572,37
9.54159,-3.46687,0.0249222,38
9.63966,-3.84732,0.0423802,39
-1.12798,-2.50696,-0.0580769,40
-1.81294,-2.867,-0.0831443,41
9.02254,-3.34129,0.00965106,42
8.90114,-3.81039,0.0119253,43
2.76002,-6.15948,0.0117333,44
2.44911,-6.29349,0.0196087,45
5.83009,-2.26005,0.000128589,46
-1.60405,-3.72026,-0.0769744,47
9.25756,-2.65325,0.00580994,48
8.81695,-2.81161,0.00564491,49
9.33139,-1.70944,0.0211803,50
-0.111222,-1.98572,-0.0433992,51
9.36569,-5.34991,0.0084106,52
10.3008,-1.9185,0.0219425,53
9.85041,-1.8314,0.0137469,54
8.40268,-4.54656,0.00411284,55
5.104,-1.89442,0.00740327,56
4.94433,-2.33751,0.0111701,57
3.90267,-1.81989,0.010389,58
3.89599,-2.2146,0.00736138,59
6.71491,-2.3054,0.000699715,60
6.5843,-2.60768,-0.000220848,61
1.20655,-6.30819,0.00262348,62
7.35067,-7.58839,0.166519,63
0.634996,-6.20004,0.0187935,64
0.176891,-3.30883,0.000771318,65
1.3866,-1.81196,0.0107175,66
9.85401,-6.3592,0.00911027,67
9.45782,-6.83316,0.00160171,68
8.68377,-2.13493,0.00910158,69
8.43569,-2.48257,0.00856046,70
1.24674,-3.37052,0.0132094,71
0.984543,-3.56511,0.0115017,72
0.375275,-6.33938,0.0272813,73
0.684538,-4.17719,0.0222867,74
0.210853,-4.11779,0.0213192,75
5.49589,-1.86231,0.00284911,76
5.43104,-2.26924,0.00219972,77
7.32164,-2.69795,0.0013255,78
3.68384,-0.351987,0.0755715,79
3.12973,-0.606613,0.0158677,80
6.48355,-2.04168,0.000488207,81
6.22756,-2.31209,2.09989e-05,82
3.38963,-2.23415,0.00623812,83
3.03223,-2.40347,0.00781049,84
1.76583,-6.17258,-0.00121439,85
1.52184,-6.33205,0.0006476,86
6.42829,-1.11941,0.00149781,87
5.9102,-1.16648,0.00984808,88
5.79563,-1.58752,0.00358236,89
4.80409,-1.11944,0.145666,90
4.90402,-1.49526,0.0170469,91
1.04795,-3.94713,0.0167156,92
1.02884,-4.29259,0.017696,93
8.44144,-2.95309,0.00934721,94
8.24327,-3.30173,0.00928478,95
8.20356,-3.65238,0.000534191,96
2.08898,-1.462,0.006337,97
1.87898,-1.86037,0.00626963,98
9.96449,-2.65364,0.00541474,99
9.6197,-2.78333,0.00406755,100
2.32921,-5.79155,0.00868474,101
2.08975,-6.13528,0.00591399,102
6.24263,-1.64012,0.000292093,103
6.00636,-1.92269,0.00322625,104
3.78096,-1.13453,0.0126548,105
-0.129671,-1.39149,-0.0783971,106
1.79039,-4.83626,0.00698614,107
8.17639,-7.31987,0.0049245,108
8.66243,-5.59226,0.0113174,109
-0.412071,-3.05723,0.00775966,110
0.71819,-3.21361,0.00337838,111
2.60128,-5.47169,0.0108074,112
10.3196,-2.83719,0.00211542,113
2.37316,-5.26883,0.0125577,114
8.6387,-5.94022,0.0155235,115
8.79261,-1.71402,0.0144903,116
2.73293,-1.04434,0.00625845,117
7.64991,-2.52016,0.00345516,118
9.29157,-3.02812,0.00317467,119
10.9476,-2.85875,0.00296691,120
10.6827,-4.04941,0.000260816,121
3.00097,-5.32178,0.0105668,122
7.34534,-2.23234,0.004964,123
-0.572865,-2.27528,-0.0196321,124
2.23802,-4.73069,0.0138079,125
6.98241,-2.57032,0.00176796,126
8.94462,-2.42438,0.00888964,127
9.31103,-5.89198,0.0132092,128
7.88183,-5.96858,0.00185042,129
0.569504,-3.56671,0.00226508,130
8.22736,-6.11455,0.00986409,131
8.2815,-6.9188,0.0104402,132
1.57763,-1.43492,0.00823408,133
4.85978,-3.02511,0.0170136,134
4.38287,-2.8893,0.0163369,135
4.73533,-2.63818,0.0134072,136
9.7742,-3.08979,0.00700734,137
2.60931,-1.6113,0.00728678,138
2.28768,-6.63769,0.0160761,139
6.76629,-1.75268,-0.000705567,140
6.12664,-0.754926,0.230337,141
10.2805,-2.38658,0.00911904,142
8.29914,-4.82711,0.0047597,143
9.97758,-6.73061,0.00818239,144
1.42632,-3.84734,0.0148822,145
9.07092,-5.57052,0.0155049,146
7.00596,-2.04894,0.00233201,147
0.863203,-1.64533,0.0294579,148
8.04876,-2.43952,0.00864264,149
4.14383,-2.55722,0.00882885,150
3.18593,-3.43664,0.0163339,151
10.9351,-3.44206,0.000772912,152
0.5366,-3.8459,0.00401816,153
9.30926,-3.92389,0.0262096,154
1.38585,-4.45854,0.0149118,155
3.49463,-1.77298,0.00905886,156
2.49794,-4.24886,0.0121195,157
1.7439,-3.69282,0.015783,158
9.14735,-2.03798,0.0112805,159
9.83028,-2.28464,0.0089938,160
10.3914,-6.52912,0.0109978,161
9.3867,-6.38937,0.00231455,162
9.71772,-5.68185,0.0253386,163
11.3782,-2.27803,0.0280811,164
9.65548,-6.05105,0.0141678,165
8.31458,-1.96034,0.00908191,166
9.49483,-2.23935,0.0126583,167
7.9536,-2.85881,0.00967511,168
8.59596,-3.44598,0.0111151,169
1.86442,-3.27264,0.0105233,170
1.46557,-5.92317,-0.00458831,171
8.68094,-7.15388,0.00298392,172
2.67976,-6.67428,0.0142662,173
5.37989,-1.30903,0.0108166,174
3.64901,-2.58976,0.00596457,175
1.15246,-1.15657,0.0236382,176
6.55702,-1.47312,0.000848573,177
10.3764,-3.67986,0.00125733,178
10.1847,-5.87063,0.0171735,179
2.75375,-3.22877,0.012644,180
2.93338,-2.77938,0.0132032,181
3.15058,-4.79387,0.0147921,182
2.85661,-5.78742,0.013277,183
8.69911,-7.48798,0.00676232,184
1.6372,-4.25854,0.0134688,185
2.61479,-3.74402,0.0153867,186
7.89151,-1.97912,0.00696175,187
2.22872,-3.48216,0.0105631,188
3.07606,-3.94095,0.0181185,189
Adjacency List:
0:37,152,121,120,178,
1:175,150,135,2,59,
2:181,175,151,1,180,
3:110,47,40,41,65,
4:10,41,40,
5:47,41,
6:166,116,187,69,15,
7:182,157,189,8,125,
8:114,122,112,182,125,
9:106,10,124,51,40,
10:9,40,4,124,41,
11:132,36,131,129,108,
12:181,13,180,84,18,
13:188,12,170,180,181,
14:63,
15:187,16,123,147,118,
16:140,147,15,123,177,
17:142,120,113,53,164,
18:138,24,12,98,84,
19:139,85,102,86,45,
20:188,158,21,186,157,
21:185,20,157,125,158,
22:143,33,34,109,55,
23:156,117,105,24,138,
24:138,84,83,156,18,
25:26,56,91,57,136,
26:150,25,59,136,57,
27:28,179,161,67,163,
28:27,179,161,67,144,
29:96,169,43,95,55,
30:64,73,171,62,86,
31:113,32,152,178,120,
32:137,31,113,178,38,
33:109,34,22,115,131,
34:33,129,131,22,109,
35:115,36,131,109,162,
36:132,35,131,11,115,
37:121,0,152,178,31,
38:39,137,119,154,42,
39:154,38,32,43,178,
40:124,41,10,110,3,
41:40,47,3,10,4,
42:119,169,43,38,49,
43:154,29,169,42,96,
44:45,183,173,101,102,
45:44,139,102,173,101,
46:104,77,82,76,89,
47:3,41,5,40,110,
48:119,100,127,49,167,
49:94,127,48,70,119,
50:159,54,116,167,160,
51:124,106,9,148,110,
52:146,163,128,109,165,
53:54,142,160,17,99,
54:160,53,50,167,142,
55:143,22,29,43,96,
56:76,91,25,57,77,
57:136,56,77,25,26,
58:59,156,26,83,105,
59:58,150,175,26,83,
60:61,81,126,147,82,
61:60,126,82,81,147,
62:86,171,85,64,19,
63:108,11,132,184,14,
64:73,62,30,171,86,
65:130,111,110,153,75,
66:133,98,148,176,97,
67:165,144,162,161,179,
68:162,144,67,165,172,
69:127,166,70,116,159,
70:149,69,94,49,127,
71:72,145,111,158,92,
72:71,92,130,111,145,
73:64,30,62,86,171,
74:93,153,92,75,130,
75:153,74,130,65,93,
76:56,89,77,104,46,
77:46,76,57,56,104,
78:126,118,123,168,147,
79:80,105,23,117,90,
80:117,79,23,105,138,
81:60,82,140,103,104,
82:81,46,104,61,60,
83:84,175,156,59,24,
84:181,83,24,12,18,
85:86,102,171,19,62,
86:85,62,171,19,102,
87:177,88,141,103,140,
88:89,141,87,174,103,
89:104,76,88,103,174,
90:91,174,25,56,76,
91:90,56,25,174,76,
92:93,72,145,74,153,
93:92,74,155,145,185,
94:95,49,70,168,169,
95:96,169,94,168,29,
96:29,95,169,43,94,
97:98,133,138,18,117,
98:97,66,133,18,138,
99:100,160,113,142,137,
100:137,99,48,119,160,
101:102,112,45,114,183,
102:85,45,101,19,139,
103:177,104,89,81,140,
104:103,46,89,82,81,
105:23,58,156,79,80,
106:51,9,124,148,176,
107:125,155,185,21,114,
108:132,172,184,11,36,
109:33,115,146,22,34,
110:65,3,124,40,130,
111:130,72,65,71,153,
112:114,183,101,122,8,
113:31,99,142,32,17,
114:112,8,101,125,122,
115:109,35,131,33,146,
116:69,159,166,50,6,
117:23,138,80,97,24,
118:78,149,123,168,187,
119:48,100,42,137,38,
120:17,31,152,113,164,
121:178,37,152,31,32,
122:112,8,183,182,114,
123:147,118,15,78,126,
124:51,40,9,110,106,
125:107,8,21,157,114,
126:78,60,61,123,147,
127:48,69,49,159,70,
128:165,146,163,162,52,
129:34,131,33,11,115,
130:153,111,72,65,92,
131:129,115,36,35,34,
132:36,108,172,11,184,
133:66,176,97,98,148,
134:136,135,57,150,26,
135:150,136,134,1,26,
136:57,134,135,26,150,
137:100,32,38,99,119,
138:24,18,97,117,23,
139:19,45,173,102,44,
140:177,147,16,81,103,
141:88,87,177,103,89,
142:99,17,113,160,53,
143:55,22,33,109,34,
144:67,161,68,162,165,
145:158,92,185,71,72,
146:52,128,109,115,163,
147:140,123,60,16,126,
148:66,176,133,106,51,
149:70,118,168,187,166,
150:26,135,59,1,175,
151:180,2,189,186,181,
152:31,120,178,121,37,
153:130,74,75,92,72,
154:39,43,38,42,169,
155:185,93,107,145,92,
156:58,83,23,24,59,
157:7,21,186,125,20,
158:145,20,170,188,185,
159:50,167,127,69,116,
160:167,99,54,142,100,
161:144,28,67,179,165,
162:165,68,67,128,144,
163:165,128,52,179,146,
164:17,120,142,53,113,
165:67,163,128,162,179,
166:69,187,6,70,116,
167:160,159,48,54,50,
168:149,118,94,95,70,
169:95,42,96,29,43,
170:188,158,13,71,20,
171:85,86,62,102,19,
172:184,132,108,36,68,
173:139,45,44,19,102,
174:89,91,88,76,90,
175:1,83,59,2,150,
176:133,148,66,97,98,
177:140,103,87,81,16,
178:121,32,31,152,39,
179:163,28,165,67,161,
180:151,181,13,186,12,
181:12,84,2,180,151,
182:7,8,122,157,189,
183:44,112,122,101,45,
184:172,108,132,36,68,
185:155,21,145,158,107,
186:188,189,20,157,180,
187:15,166,149,118,123,
188:13,20,170,186,158,
189:186,151,7,157,180,
